633665.00 5712000.00 253.47
633670.00 5712000.00 254.11
633675.00 5712000.00 255.22
633680.00 5712000.00 257.06
633685.00 5712000.00 258.71
633690.00 5712000.00 260.06
633695.00 5712000.00 261.38
633700.00 5712000.00 262.33
633705.00 5712000.00 263.49
633710.00 5712000.00 264.38
633715.00 5712000.00 265.43
633720.00 5712000.00 266.31
633725.00 5712000.00 267.24
633730.00 5712000.00 268.27
633735.00 5712000.00 269.21
633740.00 5712000.00 270.17
633745.00 5712000.00 271.09
633750.00 5712000.00 272.01
633755.00 5712000.00 272.85
633760.00 5712000.00 273.79
633765.00 5712000.00 274.75
633770.00 5712000.00 275.67
633775.00 5712000.00 276.47
633780.00 5712000.00 277.34
633785.00 5712000.00 278.05
633790.00 5712000.00 278.79
633795.00 5712000.00 279.77
633800.00 5712000.00 280.77
633805.00 5712000.00 281.95
633810.00 5712000.00 282.07
633815.00 5712000.00 283.41
633820.00 5712000.00 284.28
633825.00 5712000.00 285.12
633830.00 5712000.00 285.92
633835.00 5712000.00 286.96
633840.00 5712000.00 288.01
633845.00 5712000.00 289.09
633850.00 5712000.00 290.08
633855.00 5712000.00 291.18
633860.00 5712000.00 292.33
633865.00 5712000.00 293.46
633870.00 5712000.00 294.59
633875.00 5712000.00 295.67
633880.00 5712000.00 296.76
633885.00 5712000.00 297.53
633890.00 5712000.00 298.19
633895.00 5712000.00 298.93
633900.00 5712000.00 299.66
633905.00 5712000.00 300.67
633910.00 5712000.00 301.63
633915.00 5712000.00 302.66
633680.00 5711995.00 257.84
633685.00 5711995.00 259.23
633690.00 5711995.00 261.09
633695.00 5711995.00 262.26
633735.00 5711995.00 269.43
633740.00 5711995.00 270.37
633745.00 5711995.00 271.40
633750.00 5711995.00 272.40
633755.00 5711995.00 273.28
633760.00 5711995.00 274.24
633765.00 5711995.00 275.09
633770.00 5711995.00 275.97
633775.00 5711995.00 276.72
633780.00 5711995.00 277.53
633785.00 5711995.00 278.45
633790.00 5711995.00 279.18
633795.00 5711995.00 280.12
633800.00 5711995.00 281.11
633805.00 5711995.00 282.19
633810.00 5711995.00 283.25
633815.00 5711995.00 284.14
633820.00 5711995.00 285.07
633825.00 5711995.00 285.89
633830.00 5711995.00 286.83
633835.00 5711995.00 287.84
633840.00 5711995.00 288.93
633845.00 5711995.00 290.12
633850.00 5711995.00 291.19
633855.00 5711995.00 292.22
633860.00 5711995.00 293.27
633865.00 5711995.00 294.59
633870.00 5711995.00 295.95
633875.00 5711995.00 297.06
633880.00 5711995.00 298.09
633885.00 5711995.00 298.96
633890.00 5711995.00 299.43
633895.00 5711995.00 299.97
633900.00 5711995.00 300.73
633905.00 5711995.00 301.61
633910.00 5711995.00 302.81
633755.00 5711990.00 273.74
633760.00 5711990.00 274.63
633765.00 5711990.00 275.39
633770.00 5711990.00 276.31
633775.00 5711990.00 277.21
633780.00 5711990.00 278.13
633785.00 5711990.00 278.93
633790.00 5711990.00 279.90
633795.00 5711990.00 280.91
633800.00 5711990.00 281.85
633805.00 5711990.00 282.94
633810.00 5711990.00 283.93
633815.00 5711990.00 284.99
633820.00 5711990.00 286.01
633825.00 5711990.00 287.12
633830.00 5711990.00 288.07
633835.00 5711990.00 288.99
633840.00 5711990.00 289.92
633845.00 5711990.00 291.08
633850.00 5711990.00 292.13
633855.00 5711990.00 293.36
633860.00 5711990.00 294.44
633865.00 5711990.00 295.92
633870.00 5711990.00 297.45
633875.00 5711990.00 298.56
633880.00 5711990.00 299.57
633885.00 5711990.00 300.37
633890.00 5711990.00 300.72
633895.00 5711990.00 301.24
633900.00 5711990.00 302.04
633770.00 5711985.00 277.04
633775.00 5711985.00 278.03
633780.00 5711985.00 279.08
633785.00 5711985.00 280.06
633790.00 5711985.00 281.13
633795.00 5711985.00 282.14
633800.00 5711985.00 283.05
633805.00 5711985.00 283.94
633810.00 5711985.00 284.90
633815.00 5711985.00 286.03
633820.00 5711985.00 287.17
633825.00 5711985.00 288.07
633830.00 5711985.00 289.08
633835.00 5711985.00 290.07
633840.00 5711985.00 291.13
633845.00 5711985.00 292.25
633850.00 5711985.00 293.29
633855.00 5711985.00 294.52
633860.00 5711985.00 296.20
633865.00 5711985.00 297.60
633870.00 5711985.00 299.00
633875.00 5711985.00 300.15
633880.00 5711985.00 300.97
633885.00 5711985.00 301.46
633800.00 5711980.00 284.26
633805.00 5711980.00 285.24
633810.00 5711980.00 286.03
633815.00 5711980.00 287.10
633820.00 5711980.00 288.18
633825.00 5711980.00 289.46
633830.00 5711980.00 290.40
633835.00 5711980.00 291.45
633840.00 5711980.00 292.57
633845.00 5711980.00 293.61
633850.00 5711980.00 294.77
633855.00 5711980.00 296.23
633860.00 5711980.00 297.91
633865.00 5711980.00 299.62
633605.00 5711585.00 241.55
633605.00 5711580.00 241.02
633610.00 5711580.00 240.46
633615.00 5711580.00 240.65
633605.00 5711575.00 240.83
633610.00 5711575.00 241.01
633615.00 5711575.00 240.99
633620.00 5711575.00 240.32
633610.00 5711570.00 241.21
633615.00 5711570.00 241.02
633620.00 5711570.00 240.63
633625.00 5711570.00 239.94
633630.00 5711570.00 240.72
633620.00 5711565.00 240.90
633625.00 5711565.00 240.67
633630.00 5711565.00 240.34
633635.00 5711565.00 239.82
633640.00 5711565.00 241.74
633625.00 5711560.00 240.78
633630.00 5711560.00 240.56
633635.00 5711560.00 239.83
633640.00 5711560.00 241.16
633645.00 5711560.00 241.60
633630.00 5711555.00 240.56
633635.00 5711555.00 240.25
633640.00 5711555.00 239.78
633645.00 5711555.00 241.37
633630.00 5711550.00 240.57
633635.00 5711550.00 240.38
633640.00 5711550.00 239.60
633645.00 5711550.00 240.59
633650.00 5711550.00 241.24
633630.00 5711545.00 240.34
633635.00 5711545.00 240.33
633640.00 5711545.00 240.43
633645.00 5711545.00 239.34
633650.00 5711545.00 241.02
633630.00 5711540.00 240.16
633635.00 5711540.00 240.24
633640.00 5711540.00 240.31
633645.00 5711540.00 239.62
633650.00 5711540.00 240.08
633655.00 5711540.00 240.90
633635.00 5711535.00 239.98
633640.00 5711535.00 240.19
633645.00 5711535.00 240.28
633650.00 5711535.00 238.70
633655.00 5711535.00 240.73
633635.00 5711530.00 239.86
633640.00 5711530.00 239.90
633645.00 5711530.00 240.11
633650.00 5711530.00 238.65
633655.00 5711530.00 240.30
633660.00 5711530.00 240.57
633635.00 5711525.00 240.00
633640.00 5711525.00 239.95
633645.00 5711525.00 239.80
633650.00 5711525.00 239.83
633655.00 5711525.00 239.19
633660.00 5711525.00 240.40
633640.00 5711520.00 240.10
633645.00 5711520.00 239.76
633650.00 5711520.00 239.90
633655.00 5711520.00 238.68
633660.00 5711520.00 240.19
633645.00 5711515.00 239.96
633650.00 5711515.00 239.75
633655.00 5711515.00 238.95
633660.00 5711515.00 239.69
633665.00 5711515.00 240.31
633645.00 5711510.00 240.05
633650.00 5711510.00 239.68
633655.00 5711510.00 239.84
633660.00 5711510.00 238.36
633665.00 5711510.00 240.16
633645.00 5711505.00 240.15
633650.00 5711505.00 239.89
633655.00 5711505.00 239.68
633660.00 5711505.00 238.25
633665.00 5711505.00 240.02
633670.00 5711505.00 240.10
633650.00 5711500.00 239.98
633655.00 5711500.00 239.60
633660.00 5711500.00 239.54
633665.00 5711500.00 238.24
633670.00 5711500.00 240.00
633650.00 5711495.00 239.72
633655.00 5711495.00 239.76
633660.00 5711495.00 239.44
633665.00 5711495.00 238.60
633670.00 5711495.00 239.60
633675.00 5711495.00 239.85
633655.00 5711490.00 239.92
633660.00 5711490.00 239.30
633665.00 5711490.00 239.38
633670.00 5711490.00 238.04
633675.00 5711490.00 239.81
633655.00 5711485.00 239.04
633660.00 5711485.00 239.52
633665.00 5711485.00 239.33
633670.00 5711485.00 237.51
633675.00 5711485.00 239.62
633650.00 5711480.00 238.85
633655.00 5711480.00 239.01
633660.00 5711480.00 239.67
633665.00 5711480.00 239.13
633670.00 5711480.00 237.66
633675.00 5711480.00 239.05
633680.00 5711480.00 239.48
633645.00 5711475.00 239.01
633650.00 5711475.00 239.77
633655.00 5711475.00 239.50
633660.00 5711475.00 239.09
633665.00 5711475.00 238.98
633670.00 5711475.00 238.88
633675.00 5711475.00 237.47
633680.00 5711475.00 239.24
633650.00 5711470.00 239.26
633655.00 5711470.00 239.26
633660.00 5711470.00 239.16
633665.00 5711470.00 238.89
633670.00 5711470.00 238.79
633675.00 5711470.00 237.29
633680.00 5711470.00 238.71
633650.00 5711465.00 238.86
633655.00 5711465.00 239.10
633660.00 5711465.00 239.21
633665.00 5711465.00 238.90
633670.00 5711465.00 238.73
633675.00 5711465.00 238.56
633680.00 5711465.00 236.94
633685.00 5711465.00 238.95
633655.00 5711460.00 239.01
633660.00 5711460.00 238.91
633665.00 5711460.00 238.88
633670.00 5711460.00 238.71
633675.00 5711460.00 238.53
633680.00 5711460.00 237.48
633685.00 5711460.00 238.65
633655.00 5711455.00 239.02
633660.00 5711455.00 238.79
633665.00 5711455.00 238.79
633670.00 5711455.00 238.66
633675.00 5711455.00 238.47
633680.00 5711455.00 237.49
633685.00 5711455.00 237.98
633655.00 5711450.00 238.68
633660.00 5711450.00 238.87
633665.00 5711450.00 238.60
633670.00 5711450.00 238.42
633675.00 5711450.00 238.34
633680.00 5711450.00 238.07
633685.00 5711450.00 237.02
633665.00 5711445.00 238.46
633670.00 5711445.00 238.25
633675.00 5711445.00 238.05
633680.00 5711445.00 237.93
633685.00 5711445.00 236.50
633675.00 5711440.00 238.05
633680.00 5711440.00 237.99
633685.00 5711440.00 237.82
633685.00 5711435.00 238.00
