633680.00 5709630.00 208.86
633685.00 5709630.00 208.74
633690.00 5709630.00 208.78
633695.00 5709630.00 208.76
633700.00 5709630.00 208.87
633705.00 5709630.00 209.03
633870.00 5709630.00 208.34
633875.00 5709630.00 208.34
633880.00 5709630.00 208.28
633885.00 5709630.00 208.33
633670.00 5709625.00 208.99
633675.00 5709625.00 208.76
633680.00 5709625.00 208.60
633685.00 5709625.00 208.52
633690.00 5709625.00 208.48
633695.00 5709625.00 208.49
633700.00 5709625.00 208.61
633705.00 5709625.00 208.76
633710.00 5709625.00 208.88
633715.00 5709625.00 209.17
633720.00 5709625.00 209.34
633725.00 5709625.00 209.45
633855.00 5709625.00 208.33
633860.00 5709625.00 208.36
633865.00 5709625.00 208.29
633870.00 5709625.00 208.27
633875.00 5709625.00 208.22
633880.00 5709625.00 208.19
633885.00 5709625.00 208.19
633890.00 5709625.00 208.24
633895.00 5709625.00 208.23
633900.00 5709625.00 208.27
633665.00 5709620.00 208.78
633670.00 5709620.00 208.70
633675.00 5709620.00 208.52
633680.00 5709620.00 208.31
633685.00 5709620.00 208.33
633690.00 5709620.00 208.22
633695.00 5709620.00 208.22
633700.00 5709620.00 208.29
633705.00 5709620.00 208.48
633710.00 5709620.00 208.67
633715.00 5709620.00 208.82
633720.00 5709620.00 208.97
633725.00 5709620.00 209.24
633730.00 5709620.00 209.42
633735.00 5709620.00 209.55
633850.00 5709620.00 208.40
633855.00 5709620.00 208.28
633860.00 5709620.00 208.30
633865.00 5709620.00 208.25
633870.00 5709620.00 208.19
633875.00 5709620.00 208.12
633880.00 5709620.00 208.09
633885.00 5709620.00 208.09
633890.00 5709620.00 208.07
633895.00 5709620.00 208.03
633900.00 5709620.00 208.08
633905.00 5709620.00 208.20
633660.00 5709615.00 208.48
633665.00 5709615.00 208.46
633670.00 5709615.00 208.44
633675.00 5709615.00 208.26
633680.00 5709615.00 208.10
633685.00 5709615.00 208.14
633690.00 5709615.00 208.03
633695.00 5709615.00 208.10
633700.00 5709615.00 208.16
633705.00 5709615.00 208.25
633710.00 5709615.00 208.38
633715.00 5709615.00 208.54
633720.00 5709615.00 208.69
633725.00 5709615.00 208.89
633730.00 5709615.00 209.14
633735.00 5709615.00 209.42
633740.00 5709615.00 209.64
633845.00 5709615.00 208.34
633850.00 5709615.00 208.36
633855.00 5709615.00 208.24
633860.00 5709615.00 208.25
633865.00 5709615.00 208.21
633870.00 5709615.00 208.16
633875.00 5709615.00 208.03
633880.00 5709615.00 208.00
633885.00 5709615.00 207.99
633890.00 5709615.00 207.95
633895.00 5709615.00 207.89
633900.00 5709615.00 207.93
633905.00 5709615.00 208.04
633910.00 5709615.00 208.20
633655.00 5709610.00 208.09
633660.00 5709610.00 208.11
633665.00 5709610.00 208.12
633670.00 5709610.00 208.12
633675.00 5709610.00 208.06
633680.00 5709610.00 207.90
633685.00 5709610.00 207.94
633690.00 5709610.00 207.85
633695.00 5709610.00 207.87
633700.00 5709610.00 207.93
633705.00 5709610.00 208.05
633710.00 5709610.00 208.18
633715.00 5709610.00 208.28
633720.00 5709610.00 208.41
633725.00 5709610.00 208.64
633730.00 5709610.00 208.93
633735.00 5709610.00 209.19
633740.00 5709610.00 209.40
633745.00 5709610.00 209.71
633750.00 5709610.00 209.81
633840.00 5709610.00 208.33
633845.00 5709610.00 208.32
633850.00 5709610.00 208.33
633855.00 5709610.00 208.21
633860.00 5709610.00 208.20
633865.00 5709610.00 208.17
633870.00 5709610.00 208.10
633875.00 5709610.00 207.98
633880.00 5709610.00 207.93
633885.00 5709610.00 207.91
633890.00 5709610.00 207.84
633895.00 5709610.00 207.77
633900.00 5709610.00 207.79
633905.00 5709610.00 207.90
633910.00 5709610.00 208.07
633915.00 5709610.00 208.23
633650.00 5709605.00 207.81
633655.00 5709605.00 207.82
633660.00 5709605.00 207.77
633665.00 5709605.00 207.84
633670.00 5709605.00 207.86
633675.00 5709605.00 207.84
633680.00 5709605.00 207.80
633685.00 5709605.00 207.84
633690.00 5709605.00 207.84
633695.00 5709605.00 207.83
633700.00 5709605.00 207.83
633705.00 5709605.00 207.86
633710.00 5709605.00 207.92
633715.00 5709605.00 208.02
633720.00 5709605.00 208.16
633725.00 5709605.00 208.39
633730.00 5709605.00 208.65
633735.00 5709605.00 209.04
633740.00 5709605.00 209.39
633745.00 5709605.00 209.62
633750.00 5709605.00 209.75
633835.00 5709605.00 208.38
633840.00 5709605.00 208.31
633845.00 5709605.00 208.32
633850.00 5709605.00 208.28
633855.00 5709605.00 208.21
633860.00 5709605.00 208.18
633865.00 5709605.00 208.14
633870.00 5709605.00 208.07
633875.00 5709605.00 207.94
633880.00 5709605.00 207.87
633885.00 5709605.00 207.83
633890.00 5709605.00 207.73
633895.00 5709605.00 207.66
633900.00 5709605.00 207.68
633905.00 5709605.00 207.78
633910.00 5709605.00 207.93
633915.00 5709605.00 208.09
633920.00 5709605.00 208.27
633650.00 5709600.00 207.74
633655.00 5709600.00 207.76
633660.00 5709600.00 207.74
633665.00 5709600.00 207.73
633670.00 5709600.00 207.71
633675.00 5709600.00 207.69
633680.00 5709600.00 207.74
633685.00 5709600.00 207.77
633690.00 5709600.00 207.78
633695.00 5709600.00 207.81
633700.00 5709600.00 207.78
633705.00 5709600.00 207.80
633710.00 5709600.00 207.83
633715.00 5709600.00 207.84
633720.00 5709600.00 207.92
633725.00 5709600.00 208.15
633730.00 5709600.00 208.46
633735.00 5709600.00 208.91
633740.00 5709600.00 209.33
633745.00 5709600.00 209.65
633750.00 5709600.00 209.85
633755.00 5709600.00 209.84
633835.00 5709600.00 208.32
633840.00 5709600.00 208.28
633845.00 5709600.00 208.30
633850.00 5709600.00 208.23
633855.00 5709600.00 208.20
633860.00 5709600.00 208.16
633865.00 5709600.00 208.11
633870.00 5709600.00 208.04
633875.00 5709600.00 207.91
633880.00 5709600.00 207.83
633885.00 5709600.00 207.78
633890.00 5709600.00 207.65
633895.00 5709600.00 207.56
633900.00 5709600.00 207.56
633905.00 5709600.00 207.65
633910.00 5709600.00 207.78
633915.00 5709600.00 207.97
633920.00 5709600.00 208.16
633925.00 5709600.00 208.39
633650.00 5709595.00 207.97
633655.00 5709595.00 207.83
633660.00 5709595.00 207.79
633665.00 5709595.00 207.83
633670.00 5709595.00 207.74
633675.00 5709595.00 207.65
633680.00 5709595.00 207.74
633685.00 5709595.00 207.72
633690.00 5709595.00 207.74
633695.00 5709595.00 207.71
633700.00 5709595.00 207.73
633705.00 5709595.00 207.77
633710.00 5709595.00 207.78
633715.00 5709595.00 207.75
633720.00 5709595.00 207.83
633725.00 5709595.00 208.02
633730.00 5709595.00 208.36
633735.00 5709595.00 208.81
633740.00 5709595.00 209.28
633745.00 5709595.00 209.70
633750.00 5709595.00 209.92
633755.00 5709595.00 209.97
633760.00 5709595.00 209.94
633830.00 5709595.00 208.41
633835.00 5709595.00 208.29
633840.00 5709595.00 208.25
633845.00 5709595.00 208.27
633850.00 5709595.00 208.17
633855.00 5709595.00 208.17
633860.00 5709595.00 208.10
633865.00 5709595.00 208.08
633870.00 5709595.00 207.99
633875.00 5709595.00 207.87
633880.00 5709595.00 207.80
633885.00 5709595.00 207.71
633890.00 5709595.00 207.58
633895.00 5709595.00 207.48
633900.00 5709595.00 207.47
633905.00 5709595.00 207.52
633910.00 5709595.00 207.63
633915.00 5709595.00 207.82
633920.00 5709595.00 208.04
633925.00 5709595.00 208.30
633930.00 5709595.00 208.55
633645.00 5709590.00 208.10
633650.00 5709590.00 208.05
633655.00 5709590.00 207.93
633660.00 5709590.00 207.83
633665.00 5709590.00 207.82
633670.00 5709590.00 207.86
633675.00 5709590.00 207.79
633680.00 5709590.00 207.81
633685.00 5709590.00 207.76
633690.00 5709590.00 207.74
633695.00 5709590.00 207.73
633700.00 5709590.00 207.70
633705.00 5709590.00 207.72
633710.00 5709590.00 207.70
633715.00 5709590.00 207.69
633720.00 5709590.00 207.78
633725.00 5709590.00 207.93
633730.00 5709590.00 208.27
633735.00 5709590.00 208.73
633740.00 5709590.00 209.29
633745.00 5709590.00 209.77
633750.00 5709590.00 210.06
633755.00 5709590.00 210.10
633760.00 5709590.00 210.09
633765.00 5709590.00 210.10
633830.00 5709590.00 208.44
633835.00 5709590.00 208.31
633840.00 5709590.00 208.25
633845.00 5709590.00 208.25
633850.00 5709590.00 208.12
633855.00 5709590.00 208.13
633860.00 5709590.00 208.04
633865.00 5709590.00 208.01
633870.00 5709590.00 207.93
633875.00 5709590.00 207.82
633880.00 5709590.00 207.75
633885.00 5709590.00 207.66
633890.00 5709590.00 207.51
633895.00 5709590.00 207.38
633900.00 5709590.00 207.37
633905.00 5709590.00 207.40
633910.00 5709590.00 207.49
633915.00 5709590.00 207.66
633920.00 5709590.00 207.90
633925.00 5709590.00 208.18
633930.00 5709590.00 208.46
633645.00 5709585.00 208.07
633650.00 5709585.00 207.98
633655.00 5709585.00 207.92
633660.00 5709585.00 207.84
633665.00 5709585.00 207.75
633670.00 5709585.00 207.71
633675.00 5709585.00 207.70
633680.00 5709585.00 207.75
633685.00 5709585.00 207.73
633690.00 5709585.00 207.72
633695.00 5709585.00 207.74
633700.00 5709585.00 207.76
633705.00 5709585.00 207.74
633710.00 5709585.00 207.71
633715.00 5709585.00 207.64
633720.00 5709585.00 207.70
633725.00 5709585.00 207.86
633730.00 5709585.00 208.20
633735.00 5709585.00 208.73
633740.00 5709585.00 209.30
633745.00 5709585.00 209.83
633750.00 5709585.00 210.13
633755.00 5709585.00 210.23
633760.00 5709585.00 210.27
633765.00 5709585.00 210.25
633770.00 5709585.00 210.17
633825.00 5709585.00 208.60
633830.00 5709585.00 208.46
633835.00 5709585.00 208.30
633840.00 5709585.00 208.26
633845.00 5709585.00 208.21
633850.00 5709585.00 208.06
633855.00 5709585.00 208.04
633860.00 5709585.00 207.97
633865.00 5709585.00 207.92
633870.00 5709585.00 207.84
633875.00 5709585.00 207.74
633880.00 5709585.00 207.69
633885.00 5709585.00 207.56
633890.00 5709585.00 207.41
633895.00 5709585.00 207.30
633900.00 5709585.00 207.28
633905.00 5709585.00 207.29
633910.00 5709585.00 207.36
633915.00 5709585.00 207.50
633920.00 5709585.00 207.74
633925.00 5709585.00 208.05
633930.00 5709585.00 208.34
633935.00 5709585.00 208.40
633645.00 5709580.00 208.03
633650.00 5709580.00 207.96
633655.00 5709580.00 207.90
633660.00 5709580.00 207.80
633665.00 5709580.00 207.70
633670.00 5709580.00 207.65
633675.00 5709580.00 207.56
633680.00 5709580.00 207.58
633685.00 5709580.00 207.62
633690.00 5709580.00 207.63
633695.00 5709580.00 207.68
633700.00 5709580.00 207.67
633705.00 5709580.00 207.68
633710.00 5709580.00 207.65
633715.00 5709580.00 207.68
633720.00 5709580.00 207.70
633725.00 5709580.00 207.82
633730.00 5709580.00 208.11
633735.00 5709580.00 208.67
633740.00 5709580.00 209.33
633745.00 5709580.00 209.95
633750.00 5709580.00 210.31
633755.00 5709580.00 210.39
633760.00 5709580.00 210.40
633765.00 5709580.00 210.36
633770.00 5709580.00 210.30
633775.00 5709580.00 210.18
633805.00 5709580.00 209.28
633810.00 5709580.00 209.08
633815.00 5709580.00 208.96
633820.00 5709580.00 208.77
633825.00 5709580.00 208.58
633830.00 5709580.00 208.43
633835.00 5709580.00 208.31
633840.00 5709580.00 208.22
633845.00 5709580.00 208.12
633850.00 5709580.00 207.95
633855.00 5709580.00 207.93
633860.00 5709580.00 207.86
633865.00 5709580.00 207.80
633870.00 5709580.00 207.72
633875.00 5709580.00 207.64
633880.00 5709580.00 207.58
633885.00 5709580.00 207.43
633890.00 5709580.00 207.28
633895.00 5709580.00 207.18
633900.00 5709580.00 207.15
633905.00 5709580.00 207.17
633910.00 5709580.00 207.22
633915.00 5709580.00 207.35
633920.00 5709580.00 207.62
633925.00 5709580.00 207.95
633930.00 5709580.00 208.21
633935.00 5709580.00 208.32
633940.00 5709580.00 208.49
633945.00 5709580.00 208.56
633950.00 5709580.00 208.47
633955.00 5709580.00 208.41
633645.00 5709575.00 207.98
633650.00 5709575.00 207.96
633655.00 5709575.00 207.91
633660.00 5709575.00 207.85
633665.00 5709575.00 207.74
633670.00 5709575.00 207.64
633675.00 5709575.00 207.59
633680.00 5709575.00 207.54
633685.00 5709575.00 207.53
633690.00 5709575.00 207.54
633695.00 5709575.00 207.55
633700.00 5709575.00 207.59
633705.00 5709575.00 207.58
633710.00 5709575.00 207.56
633715.00 5709575.00 207.62
633720.00 5709575.00 207.67
633725.00 5709575.00 207.78
633730.00 5709575.00 208.07
633735.00 5709575.00 208.65
633740.00 5709575.00 209.35
633745.00 5709575.00 209.98
633750.00 5709575.00 210.33
633755.00 5709575.00 210.50
633760.00 5709575.00 210.56
633765.00 5709575.00 210.53
633770.00 5709575.00 210.41
633775.00 5709575.00 210.27
633795.00 5709575.00 209.70
633800.00 5709575.00 209.49
633805.00 5709575.00 209.31
633810.00 5709575.00 209.16
633815.00 5709575.00 208.95
633820.00 5709575.00 208.76
633825.00 5709575.00 208.54
633830.00 5709575.00 208.37
633835.00 5709575.00 208.25
633840.00 5709575.00 208.13
633845.00 5709575.00 207.97
633850.00 5709575.00 207.82
633855.00 5709575.00 207.78
633860.00 5709575.00 207.70
633865.00 5709575.00 207.66
633870.00 5709575.00 207.58
633875.00 5709575.00 207.52
633880.00 5709575.00 207.44
633885.00 5709575.00 207.26
633890.00 5709575.00 207.12
633895.00 5709575.00 207.04
633900.00 5709575.00 207.02
633905.00 5709575.00 207.04
633910.00 5709575.00 207.08
633915.00 5709575.00 207.22
633920.00 5709575.00 207.51
633925.00 5709575.00 207.85
633930.00 5709575.00 208.08
633935.00 5709575.00 208.26
633940.00 5709575.00 208.47
633945.00 5709575.00 208.50
633950.00 5709575.00 208.42
633955.00 5709575.00 208.35
633960.00 5709575.00 208.24
633965.00 5709575.00 208.14
633970.00 5709575.00 208.08
633975.00 5709575.00 208.12
633980.00 5709575.00 208.08
633645.00 5709570.00 207.99
633650.00 5709570.00 207.94
633655.00 5709570.00 207.90
633660.00 5709570.00 207.87
633665.00 5709570.00 207.83
633670.00 5709570.00 207.70
633675.00 5709570.00 207.64
633680.00 5709570.00 207.51
633685.00 5709570.00 207.51
633690.00 5709570.00 207.53
633695.00 5709570.00 207.51
633700.00 5709570.00 207.48
633705.00 5709570.00 207.44
633710.00 5709570.00 207.41
633715.00 5709570.00 207.48
633720.00 5709570.00 207.54
633725.00 5709570.00 207.66
633730.00 5709570.00 208.01
633735.00 5709570.00 208.55
633740.00 5709570.00 209.30
633745.00 5709570.00 209.97
633750.00 5709570.00 210.37
633755.00 5709570.00 210.53
633760.00 5709570.00 210.62
633765.00 5709570.00 210.61
633770.00 5709570.00 210.53
633775.00 5709570.00 210.42
633780.00 5709570.00 210.30
633785.00 5709570.00 210.18
633790.00 5709570.00 210.00
633795.00 5709570.00 209.82
633800.00 5709570.00 209.64
633805.00 5709570.00 209.47
633810.00 5709570.00 209.24
633815.00 5709570.00 209.00
633820.00 5709570.00 208.80
633825.00 5709570.00 208.58
633830.00 5709570.00 208.36
633835.00 5709570.00 208.18
633840.00 5709570.00 207.97
633845.00 5709570.00 207.82
633850.00 5709570.00 207.64
633855.00 5709570.00 207.56
633860.00 5709570.00 207.47
633865.00 5709570.00 207.44
633870.00 5709570.00 207.41
633875.00 5709570.00 207.37
633880.00 5709570.00 207.30
633885.00 5709570.00 207.10
633890.00 5709570.00 206.97
633895.00 5709570.00 206.91
633900.00 5709570.00 206.89
633905.00 5709570.00 206.92
633910.00 5709570.00 206.98
633915.00 5709570.00 207.10
633920.00 5709570.00 207.42
633925.00 5709570.00 207.77
633930.00 5709570.00 207.96
633935.00 5709570.00 208.20
633940.00 5709570.00 208.41
633945.00 5709570.00 208.42
633950.00 5709570.00 208.36
633955.00 5709570.00 208.27
633960.00 5709570.00 208.18
633965.00 5709570.00 208.08
633970.00 5709570.00 208.04
633975.00 5709570.00 208.05
633980.00 5709570.00 207.96
633985.00 5709570.00 207.93
633990.00 5709570.00 208.01
633995.00 5709570.00 208.11
634000.00 5709570.00 208.12
633645.00 5709565.00 207.99
633650.00 5709565.00 207.96
633655.00 5709565.00 207.93
633660.00 5709565.00 207.87
633665.00 5709565.00 207.82
633670.00 5709565.00 207.76
633675.00 5709565.00 207.71
633680.00 5709565.00 207.62
633685.00 5709565.00 207.50
633690.00 5709565.00 207.43
633695.00 5709565.00 207.39
633700.00 5709565.00 207.37
633705.00 5709565.00 207.34
633710.00 5709565.00 207.32
633715.00 5709565.00 207.36
633720.00 5709565.00 207.41
633725.00 5709565.00 207.47
633730.00 5709565.00 207.82
633735.00 5709565.00 208.40
633740.00 5709565.00 209.10
633745.00 5709565.00 209.78
633750.00 5709565.00 210.23
633755.00 5709565.00 210.51
633760.00 5709565.00 210.63
633765.00 5709565.00 210.64
633770.00 5709565.00 210.58
633775.00 5709565.00 210.45
633780.00 5709565.00 210.35
633785.00 5709565.00 210.25
633790.00 5709565.00 210.11
633795.00 5709565.00 209.89
633800.00 5709565.00 209.69
633805.00 5709565.00 209.56
633810.00 5709565.00 209.40
633815.00 5709565.00 209.12
633820.00 5709565.00 208.84
633825.00 5709565.00 208.63
633830.00 5709565.00 208.39
633835.00 5709565.00 208.15
633840.00 5709565.00 207.93
633845.00 5709565.00 207.66
633850.00 5709565.00 207.46
633855.00 5709565.00 207.32
633860.00 5709565.00 207.20
633865.00 5709565.00 207.17
633870.00 5709565.00 207.19
633875.00 5709565.00 207.21
633880.00 5709565.00 207.13
633885.00 5709565.00 206.97
633890.00 5709565.00 206.85
633895.00 5709565.00 206.79
633900.00 5709565.00 206.80
633905.00 5709565.00 206.81
633910.00 5709565.00 206.87
633915.00 5709565.00 207.01
633920.00 5709565.00 207.34
633925.00 5709565.00 207.66
633930.00 5709565.00 207.85
633935.00 5709565.00 208.08
633940.00 5709565.00 208.29
633945.00 5709565.00 208.33
633950.00 5709565.00 208.30
633955.00 5709565.00 208.20
633960.00 5709565.00 208.11
633965.00 5709565.00 208.02
633970.00 5709565.00 208.01
633975.00 5709565.00 207.96
633980.00 5709565.00 207.87
633985.00 5709565.00 207.85
633990.00 5709565.00 207.92
633995.00 5709565.00 208.02
634000.00 5709565.00 207.99
633645.00 5709560.00 208.02
633650.00 5709560.00 207.97
633655.00 5709560.00 207.92
633660.00 5709560.00 207.87
633665.00 5709560.00 207.82
633670.00 5709560.00 207.75
633675.00 5709560.00 207.70
633680.00 5709560.00 207.66
633685.00 5709560.00 207.59
633690.00 5709560.00 207.45
633695.00 5709560.00 207.34
633700.00 5709560.00 207.25
633705.00 5709560.00 207.19
633710.00 5709560.00 207.17
633715.00 5709560.00 207.28
633720.00 5709560.00 207.32
633725.00 5709560.00 207.34
633730.00 5709560.00 207.53
633735.00 5709560.00 207.99
633740.00 5709560.00 208.69
633745.00 5709560.00 209.38
633750.00 5709560.00 209.94
633755.00 5709560.00 210.34
633760.00 5709560.00 210.59
633765.00 5709560.00 210.64
633770.00 5709560.00 210.59
633775.00 5709560.00 210.45
633780.00 5709560.00 210.37
633785.00 5709560.00 210.25
633790.00 5709560.00 210.07
633795.00 5709560.00 209.90
633800.00 5709560.00 209.78
633805.00 5709560.00 209.68
633810.00 5709560.00 209.53
633815.00 5709560.00 209.25
633820.00 5709560.00 208.95
633825.00 5709560.00 208.69
633830.00 5709560.00 208.40
633835.00 5709560.00 208.17
633840.00 5709560.00 207.85
633845.00 5709560.00 207.56
633850.00 5709560.00 207.31
633855.00 5709560.00 207.08
633860.00 5709560.00 206.92
633865.00 5709560.00 206.86
633870.00 5709560.00 206.92
633875.00 5709560.00 207.00
633880.00 5709560.00 207.00
633885.00 5709560.00 206.88
633890.00 5709560.00 206.77
633895.00 5709560.00 206.74
633900.00 5709560.00 206.72
633905.00 5709560.00 206.74
633910.00 5709560.00 206.78
633915.00 5709560.00 206.95
633920.00 5709560.00 207.22
633925.00 5709560.00 207.55
633930.00 5709560.00 207.71
633935.00 5709560.00 207.93
633940.00 5709560.00 208.12
633945.00 5709560.00 208.21
633950.00 5709560.00 208.17
633955.00 5709560.00 208.11
633960.00 5709560.00 208.03
633965.00 5709560.00 207.96
633970.00 5709560.00 207.96
633975.00 5709560.00 207.88
633980.00 5709560.00 207.78
633985.00 5709560.00 207.78
633990.00 5709560.00 207.80
633995.00 5709560.00 207.92
634000.00 5709560.00 207.88
633645.00 5709555.00 208.21
633650.00 5709555.00 208.01
633655.00 5709555.00 207.95
633660.00 5709555.00 207.86
633665.00 5709555.00 207.76
633670.00 5709555.00 207.70
633675.00 5709555.00 207.66
633680.00 5709555.00 207.63
633685.00 5709555.00 207.54
633690.00 5709555.00 207.37
633695.00 5709555.00 207.29
633700.00 5709555.00 207.19
633705.00 5709555.00 207.13
633710.00 5709555.00 207.11
633715.00 5709555.00 207.15
633720.00 5709555.00 207.14
633725.00 5709555.00 207.17
633730.00 5709555.00 207.27
633735.00 5709555.00 207.54
633740.00 5709555.00 208.10
633745.00 5709555.00 208.80
633750.00 5709555.00 209.46
633755.00 5709555.00 210.05
633760.00 5709555.00 210.45
633765.00 5709555.00 210.62
633770.00 5709555.00 210.59
633775.00 5709555.00 210.47
633780.00 5709555.00 210.37
633785.00 5709555.00 210.22
633790.00 5709555.00 210.03
633795.00 5709555.00 209.84
633800.00 5709555.00 209.73
633805.00 5709555.00 209.65
633810.00 5709555.00 209.48
633815.00 5709555.00 209.22
633820.00 5709555.00 208.99
633825.00 5709555.00 208.77
633830.00 5709555.00 208.48
633835.00 5709555.00 208.07
633840.00 5709555.00 207.78
633845.00 5709555.00 207.49
633850.00 5709555.00 207.21
633855.00 5709555.00 206.95
633860.00 5709555.00 206.74
633865.00 5709555.00 206.63
633870.00 5709555.00 206.65
633875.00 5709555.00 206.75
633880.00 5709555.00 206.82
633885.00 5709555.00 206.78
633890.00 5709555.00 206.72
633895.00 5709555.00 206.68
633900.00 5709555.00 206.67
633905.00 5709555.00 206.68
633910.00 5709555.00 206.75
633915.00 5709555.00 206.90
633920.00 5709555.00 207.14
633925.00 5709555.00 207.44
633930.00 5709555.00 207.58
633935.00 5709555.00 207.77
633940.00 5709555.00 207.98
633945.00 5709555.00 208.03
633950.00 5709555.00 208.05
633955.00 5709555.00 208.01
633960.00 5709555.00 207.91
633965.00 5709555.00 207.85
633970.00 5709555.00 207.87
633975.00 5709555.00 207.76
633980.00 5709555.00 207.68
633985.00 5709555.00 207.67
633990.00 5709555.00 207.69
633995.00 5709555.00 207.77
634000.00 5709555.00 207.75
633645.00 5709550.00 207.57
633650.00 5709550.00 208.15
633655.00 5709550.00 208.00
633660.00 5709550.00 207.92
633665.00 5709550.00 207.77
633670.00 5709550.00 207.75
633675.00 5709550.00 207.68
633680.00 5709550.00 207.61
633685.00 5709550.00 207.50
633690.00 5709550.00 207.33
633695.00 5709550.00 207.20
633700.00 5709550.00 207.13
633705.00 5709550.00 207.05
633710.00 5709550.00 207.10
633715.00 5709550.00 207.07
633720.00 5709550.00 207.04
633725.00 5709550.00 207.04
633730.00 5709550.00 207.07
633735.00 5709550.00 207.19
633740.00 5709550.00 207.54
633745.00 5709550.00 208.13
633750.00 5709550.00 208.82
633755.00 5709550.00 209.54
633760.00 5709550.00 210.12
633765.00 5709550.00 210.43
633770.00 5709550.00 210.51
633775.00 5709550.00 210.43
633780.00 5709550.00 210.37
633785.00 5709550.00 210.20
633790.00 5709550.00 209.95
633795.00 5709550.00 209.73
633800.00 5709550.00 209.56
633805.00 5709550.00 209.41
633810.00 5709550.00 209.18
633815.00 5709550.00 208.98
633820.00 5709550.00 208.76
633825.00 5709550.00 208.54
633830.00 5709550.00 208.28
633835.00 5709550.00 208.02
633840.00 5709550.00 207.67
633845.00 5709550.00 207.32
633850.00 5709550.00 207.07
633855.00 5709550.00 206.86
633860.00 5709550.00 206.67
633865.00 5709550.00 206.52
633870.00 5709550.00 206.48
633875.00 5709550.00 206.56
633880.00 5709550.00 206.63
633885.00 5709550.00 206.63
633890.00 5709550.00 206.63
633895.00 5709550.00 206.59
633900.00 5709550.00 206.61
633905.00 5709550.00 206.63
633910.00 5709550.00 206.69
633915.00 5709550.00 206.82
633920.00 5709550.00 207.04
633925.00 5709550.00 207.29
633930.00 5709550.00 207.46
633935.00 5709550.00 207.66
633940.00 5709550.00 207.82
633945.00 5709550.00 207.84
633950.00 5709550.00 207.91
633955.00 5709550.00 207.87
633960.00 5709550.00 207.82
633965.00 5709550.00 207.73
633970.00 5709550.00 207.74
633975.00 5709550.00 207.64
633980.00 5709550.00 207.55
633985.00 5709550.00 207.55
633990.00 5709550.00 207.57
633995.00 5709550.00 207.62
634000.00 5709550.00 207.62
633645.00 5709545.00 207.35
633650.00 5709545.00 207.70
633655.00 5709545.00 208.10
633660.00 5709545.00 207.93
633665.00 5709545.00 207.78
633670.00 5709545.00 207.84
633675.00 5709545.00 207.76
633680.00 5709545.00 207.63
633685.00 5709545.00 207.43
633690.00 5709545.00 207.29
633695.00 5709545.00 207.24
633700.00 5709545.00 207.19
633705.00 5709545.00 207.05
633710.00 5709545.00 207.00
633715.00 5709545.00 206.97
633720.00 5709545.00 206.97
633725.00 5709545.00 206.97
633730.00 5709545.00 206.95
633735.00 5709545.00 207.00
633740.00 5709545.00 207.14
633745.00 5709545.00 207.49
633750.00 5709545.00 208.10
633755.00 5709545.00 208.86
633760.00 5709545.00 209.58
633765.00 5709545.00 210.07
633770.00 5709545.00 210.27
633775.00 5709545.00 210.31
633780.00 5709545.00 210.29
633785.00 5709545.00 210.11
633790.00 5709545.00 209.83
633795.00 5709545.00 209.50
633800.00 5709545.00 209.22
633805.00 5709545.00 209.00
633810.00 5709545.00 208.71
633815.00 5709545.00 208.46
633820.00 5709545.00 208.25
633825.00 5709545.00 208.08
633830.00 5709545.00 207.90
633835.00 5709545.00 207.73
633840.00 5709545.00 207.48
633845.00 5709545.00 207.20
633850.00 5709545.00 206.96
633855.00 5709545.00 206.74
633860.00 5709545.00 206.55
633865.00 5709545.00 206.41
633870.00 5709545.00 206.40
633875.00 5709545.00 206.45
633880.00 5709545.00 206.51
633885.00 5709545.00 206.57
633890.00 5709545.00 206.60
633895.00 5709545.00 206.62
633900.00 5709545.00 206.61
633905.00 5709545.00 206.62
633910.00 5709545.00 206.68
633915.00 5709545.00 206.78
633920.00 5709545.00 206.95
633925.00 5709545.00 207.13
633930.00 5709545.00 207.30
633935.00 5709545.00 207.48
633940.00 5709545.00 207.62
633945.00 5709545.00 207.68
633950.00 5709545.00 207.74
633955.00 5709545.00 207.71
633960.00 5709545.00 207.65
633965.00 5709545.00 207.60
633970.00 5709545.00 207.60
633975.00 5709545.00 207.48
633980.00 5709545.00 207.41
633985.00 5709545.00 207.42
633990.00 5709545.00 207.45
633995.00 5709545.00 207.49
634000.00 5709545.00 207.49
633645.00 5709540.00 208.02
633650.00 5709540.00 207.20
633655.00 5709540.00 207.99
633660.00 5709540.00 208.01
633665.00 5709540.00 207.84
633670.00 5709540.00 207.79
633675.00 5709540.00 207.76
633680.00 5709540.00 207.70
633685.00 5709540.00 207.47
633690.00 5709540.00 207.33
633695.00 5709540.00 207.27
633700.00 5709540.00 207.19
633705.00 5709540.00 207.09
633710.00 5709540.00 207.06
633715.00 5709540.00 207.02
633720.00 5709540.00 206.96
633725.00 5709540.00 206.89
633730.00 5709540.00 206.86
633735.00 5709540.00 206.86
633740.00 5709540.00 206.94
633745.00 5709540.00 207.09
633750.00 5709540.00 207.50
633755.00 5709540.00 208.12
633760.00 5709540.00 208.82
633765.00 5709540.00 209.45
633770.00 5709540.00 209.86
633775.00 5709540.00 210.11
633780.00 5709540.00 210.14
633785.00 5709540.00 209.92
633790.00 5709540.00 209.54
633795.00 5709540.00 209.09
633800.00 5709540.00 208.68
633805.00 5709540.00 208.38
633810.00 5709540.00 208.04
633815.00 5709540.00 207.79
633820.00 5709540.00 207.55
633825.00 5709540.00 207.42
633830.00 5709540.00 207.33
633835.00 5709540.00 207.23
633840.00 5709540.00 207.14
633845.00 5709540.00 207.01
633850.00 5709540.00 206.87
633855.00 5709540.00 206.69
633860.00 5709540.00 206.53
633865.00 5709540.00 206.40
633870.00 5709540.00 206.33
633875.00 5709540.00 206.33
633880.00 5709540.00 206.40
633885.00 5709540.00 206.49
633890.00 5709540.00 206.57
633895.00 5709540.00 206.62
633900.00 5709540.00 206.67
633905.00 5709540.00 206.68
633910.00 5709540.00 206.74
633915.00 5709540.00 206.83
633920.00 5709540.00 206.93
633925.00 5709540.00 207.08
633930.00 5709540.00 207.22
633935.00 5709540.00 207.36
633940.00 5709540.00 207.47
633945.00 5709540.00 207.55
633950.00 5709540.00 207.56
633955.00 5709540.00 207.54
633960.00 5709540.00 207.48
633965.00 5709540.00 207.44
633970.00 5709540.00 207.39
633975.00 5709540.00 207.33
633980.00 5709540.00 207.26
633985.00 5709540.00 207.25
633990.00 5709540.00 207.30
633995.00 5709540.00 207.33
634000.00 5709540.00 207.33
633645.00 5709535.00 207.98
633650.00 5709535.00 207.54
633655.00 5709535.00 207.14
633660.00 5709535.00 208.03
633665.00 5709535.00 208.00
633670.00 5709535.00 207.79
633675.00 5709535.00 207.70
633680.00 5709535.00 207.63
633685.00 5709535.00 207.54
633690.00 5709535.00 207.47
633695.00 5709535.00 207.39
633700.00 5709535.00 207.25
633705.00 5709535.00 207.16
633710.00 5709535.00 207.14
633715.00 5709535.00 207.05
633720.00 5709535.00 207.02
633725.00 5709535.00 206.97
633730.00 5709535.00 206.91
633735.00 5709535.00 206.84
633740.00 5709535.00 206.81
633745.00 5709535.00 206.85
633750.00 5709535.00 207.03
633755.00 5709535.00 207.51
633760.00 5709535.00 208.16
633765.00 5709535.00 208.77
633770.00 5709535.00 209.23
633775.00 5709535.00 209.59
633780.00 5709535.00 209.76
633785.00 5709535.00 209.59
633790.00 5709535.00 209.12
633795.00 5709535.00 208.54
633800.00 5709535.00 208.05
633805.00 5709535.00 207.63
633810.00 5709535.00 207.26
633815.00 5709535.00 207.03
633820.00 5709535.00 206.86
633825.00 5709535.00 206.76
633830.00 5709535.00 206.73
633835.00 5709535.00 206.72
633840.00 5709535.00 206.74
633845.00 5709535.00 206.69
633850.00 5709535.00 206.63
633855.00 5709535.00 206.52
633860.00 5709535.00 206.38
633865.00 5709535.00 206.30
633870.00 5709535.00 206.30
633875.00 5709535.00 206.27
633880.00 5709535.00 206.26
633885.00 5709535.00 206.28
633890.00 5709535.00 206.35
633895.00 5709535.00 206.43
633900.00 5709535.00 206.51
633905.00 5709535.00 206.61
633910.00 5709535.00 206.72
633915.00 5709535.00 206.77
633920.00 5709535.00 206.86
633925.00 5709535.00 206.95
633930.00 5709535.00 207.05
633935.00 5709535.00 207.15
633940.00 5709535.00 207.28
633945.00 5709535.00 207.39
633950.00 5709535.00 207.46
633955.00 5709535.00 207.46
633960.00 5709535.00 207.40
633965.00 5709535.00 207.34
633970.00 5709535.00 207.27
633975.00 5709535.00 207.17
633980.00 5709535.00 207.11
633985.00 5709535.00 207.08
633990.00 5709535.00 207.11
633995.00 5709535.00 207.13
634000.00 5709535.00 207.11
633645.00 5709530.00 207.90
633650.00 5709530.00 208.00
633655.00 5709530.00 207.56
633660.00 5709530.00 207.12
633665.00 5709530.00 207.94
633670.00 5709530.00 207.99
633675.00 5709530.00 207.76
633680.00 5709530.00 207.59
633685.00 5709530.00 207.52
633690.00 5709530.00 207.46
633695.00 5709530.00 207.44
633700.00 5709530.00 207.37
633705.00 5709530.00 207.28
633710.00 5709530.00 207.25
633715.00 5709530.00 207.16
633720.00 5709530.00 207.09
633725.00 5709530.00 207.06
633730.00 5709530.00 206.98
633735.00 5709530.00 206.94
633740.00 5709530.00 206.88
633745.00 5709530.00 206.81
633750.00 5709530.00 206.84
633755.00 5709530.00 207.03
633760.00 5709530.00 207.51
633765.00 5709530.00 208.05
633770.00 5709530.00 208.51
633775.00 5709530.00 208.98
633780.00 5709530.00 209.18
633785.00 5709530.00 209.00
633790.00 5709530.00 208.54
633795.00 5709530.00 207.94
633800.00 5709530.00 207.41
633805.00 5709530.00 207.00
633810.00 5709530.00 206.76
633815.00 5709530.00 206.63
633820.00 5709530.00 206.54
633825.00 5709530.00 206.47
633830.00 5709530.00 206.44
633835.00 5709530.00 206.45
633840.00 5709530.00 206.42
633845.00 5709530.00 206.41
633850.00 5709530.00 206.37
633855.00 5709530.00 206.35
633860.00 5709530.00 206.30
633865.00 5709530.00 206.27
633870.00 5709530.00 206.24
633875.00 5709530.00 206.23
633880.00 5709530.00 206.22
633885.00 5709530.00 206.23
633890.00 5709530.00 206.24
633895.00 5709530.00 206.29
633900.00 5709530.00 206.32
633905.00 5709530.00 206.42
633910.00 5709530.00 206.57
633915.00 5709530.00 206.69
633920.00 5709530.00 206.83
633925.00 5709530.00 206.93
633930.00 5709530.00 207.02
633935.00 5709530.00 207.03
633940.00 5709530.00 207.09
633945.00 5709530.00 207.17
633950.00 5709530.00 207.25
633955.00 5709530.00 207.27
633960.00 5709530.00 207.23
633965.00 5709530.00 207.18
633970.00 5709530.00 207.13
633975.00 5709530.00 207.02
633980.00 5709530.00 206.96
633985.00 5709530.00 206.97
633990.00 5709530.00 207.00
633995.00 5709530.00 207.01
634000.00 5709530.00 207.00
633645.00 5709525.00 208.25
633650.00 5709525.00 208.13
633655.00 5709525.00 208.11
633660.00 5709525.00 207.60
633665.00 5709525.00 207.14
633670.00 5709525.00 208.03
633675.00 5709525.00 207.85
633680.00 5709525.00 207.59
633685.00 5709525.00 207.47
633690.00 5709525.00 207.44
633695.00 5709525.00 207.44
633700.00 5709525.00 207.41
633705.00 5709525.00 207.39
633710.00 5709525.00 207.34
633715.00 5709525.00 207.32
633720.00 5709525.00 207.25
633725.00 5709525.00 207.17
633730.00 5709525.00 207.08
633735.00 5709525.00 207.03
633740.00 5709525.00 206.95
633745.00 5709525.00 206.81
633750.00 5709525.00 206.77
633755.00 5709525.00 206.83
633760.00 5709525.00 207.08
633765.00 5709525.00 207.50
633770.00 5709525.00 207.82
633775.00 5709525.00 208.21
633780.00 5709525.00 208.41
633785.00 5709525.00 208.31
633790.00 5709525.00 207.95
633795.00 5709525.00 207.40
633800.00 5709525.00 206.96
633805.00 5709525.00 206.66
633810.00 5709525.00 206.52
633815.00 5709525.00 206.41
633820.00 5709525.00 206.38
633825.00 5709525.00 206.36
633830.00 5709525.00 206.35
633835.00 5709525.00 206.34
633840.00 5709525.00 206.31
633845.00 5709525.00 206.28
633850.00 5709525.00 206.30
633855.00 5709525.00 206.27
633860.00 5709525.00 206.25
633865.00 5709525.00 206.20
633870.00 5709525.00 206.19
633875.00 5709525.00 206.18
633880.00 5709525.00 206.17
633885.00 5709525.00 206.19
633890.00 5709525.00 206.19
633895.00 5709525.00 206.19
633900.00 5709525.00 206.19
633905.00 5709525.00 206.19
633910.00 5709525.00 206.26
633915.00 5709525.00 206.38
633920.00 5709525.00 206.52
633925.00 5709525.00 206.69
633930.00 5709525.00 206.83
633935.00 5709525.00 206.97
633940.00 5709525.00 207.04
633945.00 5709525.00 207.12
633950.00 5709525.00 207.15
633955.00 5709525.00 207.14
633960.00 5709525.00 207.09
633965.00 5709525.00 206.97
633970.00 5709525.00 206.87
633975.00 5709525.00 206.81
633980.00 5709525.00 206.78
633985.00 5709525.00 206.79
633990.00 5709525.00 206.85
633995.00 5709525.00 206.91
634000.00 5709525.00 206.93
633645.00 5709520.00 208.81
633650.00 5709520.00 208.35
633655.00 5709520.00 208.09
633660.00 5709520.00 208.07
633665.00 5709520.00 207.32
633670.00 5709520.00 207.12
633675.00 5709520.00 207.79
633680.00 5709520.00 207.65
633685.00 5709520.00 207.52
633690.00 5709520.00 207.47
633695.00 5709520.00 207.42
633700.00 5709520.00 207.42
633705.00 5709520.00 207.41
633710.00 5709520.00 207.40
633715.00 5709520.00 207.39
633720.00 5709520.00 207.33
633725.00 5709520.00 207.26
633730.00 5709520.00 207.20
633735.00 5709520.00 207.14
633740.00 5709520.00 207.08
633745.00 5709520.00 206.93
633750.00 5709520.00 206.76
633755.00 5709520.00 206.73
633760.00 5709520.00 206.78
633765.00 5709520.00 206.96
633770.00 5709520.00 207.23
633775.00 5709520.00 207.55
633780.00 5709520.00 207.74
633785.00 5709520.00 207.62
633790.00 5709520.00 207.25
633795.00 5709520.00 206.85
633800.00 5709520.00 206.59
633805.00 5709520.00 206.48
633810.00 5709520.00 206.44
633815.00 5709520.00 206.36
633820.00 5709520.00 206.33
633825.00 5709520.00 206.26
633830.00 5709520.00 206.24
633835.00 5709520.00 206.26
633840.00 5709520.00 206.25
633845.00 5709520.00 206.26
633850.00 5709520.00 206.24
633855.00 5709520.00 206.24
633860.00 5709520.00 206.22
633865.00 5709520.00 206.17
633870.00 5709520.00 206.13
633875.00 5709520.00 206.11
633880.00 5709520.00 206.11
633885.00 5709520.00 206.14
633890.00 5709520.00 206.14
633895.00 5709520.00 206.14
633900.00 5709520.00 206.13
633905.00 5709520.00 206.12
633910.00 5709520.00 206.13
633915.00 5709520.00 206.18
633920.00 5709520.00 206.26
633925.00 5709520.00 206.31
633930.00 5709520.00 206.42
633935.00 5709520.00 206.55
633940.00 5709520.00 206.67
633945.00 5709520.00 206.77
633950.00 5709520.00 206.85
633955.00 5709520.00 206.94
633960.00 5709520.00 207.03
633965.00 5709520.00 206.99
633970.00 5709520.00 206.92
633975.00 5709520.00 206.85
633980.00 5709520.00 206.77
633985.00 5709520.00 206.78
633990.00 5709520.00 206.78
633995.00 5709520.00 206.81
634000.00 5709520.00 206.80
633640.00 5709515.00 212.49
633645.00 5709515.00 211.24
633650.00 5709515.00 210.40
633655.00 5709515.00 208.88
633660.00 5709515.00 208.07
633665.00 5709515.00 208.00
633670.00 5709515.00 207.16
633675.00 5709515.00 207.04
633680.00 5709515.00 207.59
633685.00 5709515.00 207.67
633690.00 5709515.00 207.50
633695.00 5709515.00 207.46
633700.00 5709515.00 207.44
633705.00 5709515.00 207.41
633710.00 5709515.00 207.39
633715.00 5709515.00 207.37
633720.00 5709515.00 207.35
633725.00 5709515.00 207.28
633730.00 5709515.00 207.23
633735.00 5709515.00 207.15
633740.00 5709515.00 207.14
633745.00 5709515.00 207.08
633750.00 5709515.00 206.96
633755.00 5709515.00 206.82
633760.00 5709515.00 206.73
633765.00 5709515.00 206.72
633770.00 5709515.00 206.74
633775.00 5709515.00 206.89
633780.00 5709515.00 207.05
633785.00 5709515.00 207.05
633790.00 5709515.00 206.83
633795.00 5709515.00 206.58
633800.00 5709515.00 206.45
633805.00 5709515.00 206.33
633810.00 5709515.00 206.29
633815.00 5709515.00 206.25
633820.00 5709515.00 206.26
633825.00 5709515.00 206.26
633830.00 5709515.00 206.27
633835.00 5709515.00 206.24
633840.00 5709515.00 206.20
633845.00 5709515.00 206.20
633850.00 5709515.00 206.22
633855.00 5709515.00 206.23
633860.00 5709515.00 206.23
633865.00 5709515.00 206.19
633870.00 5709515.00 206.13
633875.00 5709515.00 206.08
633880.00 5709515.00 206.05
633885.00 5709515.00 206.06
633890.00 5709515.00 206.06
633895.00 5709515.00 206.06
633900.00 5709515.00 206.06
633905.00 5709515.00 206.07
633910.00 5709515.00 206.06
633915.00 5709515.00 206.07
633920.00 5709515.00 206.07
633925.00 5709515.00 206.08
633930.00 5709515.00 206.15
633935.00 5709515.00 206.22
633940.00 5709515.00 206.26
633945.00 5709515.00 206.31
633950.00 5709515.00 206.39
633955.00 5709515.00 206.51
633960.00 5709515.00 206.64
633965.00 5709515.00 206.69
633970.00 5709515.00 206.78
633975.00 5709515.00 206.70
633980.00 5709515.00 206.70
633985.00 5709515.00 206.83
633990.00 5709515.00 206.77
633995.00 5709515.00 206.70
634000.00 5709515.00 206.66
633640.00 5709510.00 215.92
633645.00 5709510.00 214.24
633650.00 5709510.00 212.91
633655.00 5709510.00 212.08
633660.00 5709510.00 209.71
633665.00 5709510.00 208.67
633670.00 5709510.00 207.56
633675.00 5709510.00 207.07
633680.00 5709510.00 206.98
633685.00 5709510.00 207.64
633690.00 5709510.00 207.59
633695.00 5709510.00 207.55
633700.00 5709510.00 207.51
633705.00 5709510.00 207.45
633710.00 5709510.00 207.38
633715.00 5709510.00 207.32
633720.00 5709510.00 207.26
633725.00 5709510.00 207.20
633730.00 5709510.00 207.17
633735.00 5709510.00 207.10
633740.00 5709510.00 207.05
633745.00 5709510.00 207.03
633750.00 5709510.00 206.98
633755.00 5709510.00 206.92
633760.00 5709510.00 206.88
633765.00 5709510.00 206.77
633770.00 5709510.00 206.67
633775.00 5709510.00 206.64
633780.00 5709510.00 206.60
633785.00 5709510.00 206.56
633790.00 5709510.00 206.44
633795.00 5709510.00 206.38
633800.00 5709510.00 206.33
633805.00 5709510.00 206.28
633810.00 5709510.00 206.25
633815.00 5709510.00 206.22
633820.00 5709510.00 206.19
633825.00 5709510.00 206.17
633830.00 5709510.00 206.15
633835.00 5709510.00 206.15
633840.00 5709510.00 206.17
633845.00 5709510.00 206.18
633850.00 5709510.00 206.19
633855.00 5709510.00 206.18
633860.00 5709510.00 206.17
633865.00 5709510.00 206.17
633870.00 5709510.00 206.14
633875.00 5709510.00 206.10
633880.00 5709510.00 206.09
633885.00 5709510.00 206.05
633890.00 5709510.00 206.02
633895.00 5709510.00 206.01
633900.00 5709510.00 206.00
633905.00 5709510.00 205.98
633910.00 5709510.00 206.00
633915.00 5709510.00 205.99
633920.00 5709510.00 205.98
633925.00 5709510.00 206.00
633930.00 5709510.00 206.03
633935.00 5709510.00 206.00
633940.00 5709510.00 206.01
633945.00 5709510.00 206.04
633950.00 5709510.00 206.11
633955.00 5709510.00 206.24
633960.00 5709510.00 206.23
633965.00 5709510.00 206.26
633970.00 5709510.00 206.25
633975.00 5709510.00 206.26
633980.00 5709510.00 206.19
633985.00 5709510.00 206.22
633990.00 5709510.00 206.13
633995.00 5709510.00 206.11
634000.00 5709510.00 206.25
633640.00 5709505.00 218.66
633645.00 5709505.00 218.42
633650.00 5709505.00 217.39
633655.00 5709505.00 215.50
633660.00 5709505.00 212.33
633665.00 5709505.00 210.53
633670.00 5709505.00 209.05
633675.00 5709505.00 207.50
633680.00 5709505.00 207.02
633685.00 5709505.00 207.66
633690.00 5709505.00 207.77
633695.00 5709505.00 207.71
633700.00 5709505.00 207.62
633705.00 5709505.00 207.45
633710.00 5709505.00 207.35
633715.00 5709505.00 207.27
633720.00 5709505.00 207.20
633725.00 5709505.00 207.11
633730.00 5709505.00 207.07
633735.00 5709505.00 207.04
633740.00 5709505.00 206.99
633745.00 5709505.00 206.94
633750.00 5709505.00 206.94
633755.00 5709505.00 206.93
633760.00 5709505.00 206.90
633765.00 5709505.00 206.86
633770.00 5709505.00 206.78
633775.00 5709505.00 206.70
633780.00 5709505.00 206.64
633785.00 5709505.00 206.55
633790.00 5709505.00 206.46
633795.00 5709505.00 206.39
633800.00 5709505.00 206.32
633805.00 5709505.00 206.27
633810.00 5709505.00 206.26
633815.00 5709505.00 206.26
633820.00 5709505.00 206.25
633825.00 5709505.00 206.20
633830.00 5709505.00 206.17
633835.00 5709505.00 206.13
633840.00 5709505.00 206.09
633845.00 5709505.00 206.08
633850.00 5709505.00 206.10
633855.00 5709505.00 206.10
633860.00 5709505.00 206.12
633865.00 5709505.00 206.12
633870.00 5709505.00 206.11
633875.00 5709505.00 206.08
633880.00 5709505.00 206.06
633885.00 5709505.00 206.06
633890.00 5709505.00 206.02
633895.00 5709505.00 206.00
633900.00 5709505.00 205.98
633905.00 5709505.00 205.97
633910.00 5709505.00 205.96
633915.00 5709505.00 205.92
633920.00 5709505.00 205.94
633925.00 5709505.00 205.93
633930.00 5709505.00 205.93
633935.00 5709505.00 205.88
633940.00 5709505.00 205.88
633945.00 5709505.00 205.93
633950.00 5709505.00 205.97
633955.00 5709505.00 205.76
633960.00 5709505.00 205.72
633965.00 5709505.00 205.73
633970.00 5709505.00 205.75
633975.00 5709505.00 205.69
633980.00 5709505.00 205.64
633985.00 5709505.00 205.62
633990.00 5709505.00 205.53
633995.00 5709505.00 205.62
634000.00 5709505.00 205.64
633640.00 5709500.00 223.52
633645.00 5709500.00 220.16
633650.00 5709500.00 219.12
633655.00 5709500.00 217.75
633660.00 5709500.00 214.81
633665.00 5709500.00 212.67
633670.00 5709500.00 209.86
633675.00 5709500.00 208.05
633680.00 5709500.00 207.00
633685.00 5709500.00 206.91
633690.00 5709500.00 206.88
633695.00 5709500.00 206.84
633700.00 5709500.00 206.82
633705.00 5709500.00 207.30
633710.00 5709500.00 207.29
633715.00 5709500.00 207.24
633720.00 5709500.00 207.16
633725.00 5709500.00 207.10
633730.00 5709500.00 207.07
633735.00 5709500.00 207.04
633740.00 5709500.00 207.02
633745.00 5709500.00 206.99
633750.00 5709500.00 206.94
633755.00 5709500.00 206.92
633760.00 5709500.00 206.86
633765.00 5709500.00 206.83
633770.00 5709500.00 206.81
633775.00 5709500.00 206.75
633780.00 5709500.00 206.68
633785.00 5709500.00 206.64
633790.00 5709500.00 206.53
633795.00 5709500.00 206.46
633800.00 5709500.00 206.47
633805.00 5709500.00 206.37
633810.00 5709500.00 206.31
633815.00 5709500.00 206.27
633820.00 5709500.00 206.24
633825.00 5709500.00 206.21
633830.00 5709500.00 206.22
633835.00 5709500.00 206.18
633840.00 5709500.00 206.13
633845.00 5709500.00 206.13
633850.00 5709500.00 206.09
633855.00 5709500.00 206.06
633860.00 5709500.00 206.03
633865.00 5709500.00 206.01
633870.00 5709500.00 206.04
633875.00 5709500.00 206.06
633880.00 5709500.00 206.04
633885.00 5709500.00 206.01
633890.00 5709500.00 206.01
633895.00 5709500.00 206.00
633900.00 5709500.00 206.00
633905.00 5709500.00 206.00
633910.00 5709500.00 205.98
633915.00 5709500.00 205.96
633920.00 5709500.00 205.92
633925.00 5709500.00 205.89
633930.00 5709500.00 205.87
633935.00 5709500.00 205.84
633940.00 5709500.00 205.87
633945.00 5709500.00 205.85
633950.00 5709500.00 205.86
633955.00 5709500.00 206.11
633960.00 5709500.00 206.18
633965.00 5709500.00 206.00
633970.00 5709500.00 205.90
633975.00 5709500.00 205.99
633980.00 5709500.00 205.86
633985.00 5709500.00 205.81
633990.00 5709500.00 205.59
633995.00 5709500.00 205.77
634000.00 5709500.00 205.84
633640.00 5709495.00 227.76
633645.00 5709495.00 224.47
633650.00 5709495.00 222.06
633655.00 5709495.00 220.25
633660.00 5709495.00 217.90
633665.00 5709495.00 215.50
633670.00 5709495.00 212.38
633675.00 5709495.00 209.57
633680.00 5709495.00 207.26
633685.00 5709495.00 207.56
633690.00 5709495.00 207.76
633695.00 5709495.00 207.40
633700.00 5709495.00 207.15
633705.00 5709495.00 206.80
633710.00 5709495.00 207.37
633715.00 5709495.00 207.28
633720.00 5709495.00 207.19
633725.00 5709495.00 207.13
633730.00 5709495.00 207.11
633735.00 5709495.00 207.07
633740.00 5709495.00 207.03
633745.00 5709495.00 207.02
633750.00 5709495.00 206.97
633755.00 5709495.00 206.91
633760.00 5709495.00 206.89
633765.00 5709495.00 206.86
633770.00 5709495.00 206.81
633775.00 5709495.00 206.75
633780.00 5709495.00 206.72
633785.00 5709495.00 206.64
633790.00 5709495.00 206.67
633795.00 5709495.00 206.76
633800.00 5709495.00 206.61
633805.00 5709495.00 206.56
633810.00 5709495.00 206.49
633815.00 5709495.00 206.58
633820.00 5709495.00 206.47
633825.00 5709495.00 206.37
633830.00 5709495.00 206.26
633835.00 5709495.00 206.20
633840.00 5709495.00 206.16
633845.00 5709495.00 206.17
633850.00 5709495.00 206.15
633855.00 5709495.00 206.10
633860.00 5709495.00 206.05
633865.00 5709495.00 206.05
633870.00 5709495.00 206.02
633875.00 5709495.00 205.99
633880.00 5709495.00 205.97
633885.00 5709495.00 205.99
633890.00 5709495.00 206.02
633895.00 5709495.00 206.00
633900.00 5709495.00 205.97
633905.00 5709495.00 205.98
633910.00 5709495.00 205.96
633915.00 5709495.00 205.93
633920.00 5709495.00 205.89
633925.00 5709495.00 205.90
633930.00 5709495.00 205.85
633935.00 5709495.00 205.93
633940.00 5709495.00 205.88
633945.00 5709495.00 205.88
633950.00 5709495.00 205.97
633955.00 5709495.00 205.89
633960.00 5709495.00 205.81
633965.00 5709495.00 205.73
633970.00 5709495.00 205.73
633975.00 5709495.00 205.60
633980.00 5709495.00 205.59
633985.00 5709495.00 205.57
633990.00 5709495.00 205.58
633995.00 5709495.00 205.55
634000.00 5709495.00 205.52
633640.00 5709490.00 232.05
633645.00 5709490.00 228.93
633650.00 5709490.00 226.68
633655.00 5709490.00 223.49
633660.00 5709490.00 220.88
633665.00 5709490.00 218.71
633670.00 5709490.00 216.25
633675.00 5709490.00 213.38
633680.00 5709490.00 211.40
633685.00 5709490.00 209.66
633690.00 5709490.00 207.90
633695.00 5709490.00 207.55
633700.00 5709490.00 207.21
633705.00 5709490.00 206.74
633710.00 5709490.00 207.40
633715.00 5709490.00 207.44
633720.00 5709490.00 207.31
633725.00 5709490.00 207.24
633730.00 5709490.00 207.12
633735.00 5709490.00 207.17
633740.00 5709490.00 207.12
633745.00 5709490.00 207.04
633750.00 5709490.00 206.97
633755.00 5709490.00 206.97
633760.00 5709490.00 206.95
633765.00 5709490.00 206.90
633770.00 5709490.00 206.86
633775.00 5709490.00 206.82
633780.00 5709490.00 207.06
633785.00 5709490.00 206.97
633790.00 5709490.00 206.75
633795.00 5709490.00 206.76
633800.00 5709490.00 206.74
633805.00 5709490.00 206.84
633810.00 5709490.00 206.73
633815.00 5709490.00 206.67
633820.00 5709490.00 206.61
633825.00 5709490.00 206.59
633830.00 5709490.00 206.54
633835.00 5709490.00 206.50
633840.00 5709490.00 206.31
633845.00 5709490.00 206.21
633850.00 5709490.00 206.16
633855.00 5709490.00 206.14
633860.00 5709490.00 206.13
633865.00 5709490.00 206.08
633870.00 5709490.00 206.05
633875.00 5709490.00 206.03
633880.00 5709490.00 206.04
633885.00 5709490.00 206.03
633890.00 5709490.00 205.99
633895.00 5709490.00 205.97
633900.00 5709490.00 205.97
633905.00 5709490.00 206.00
633910.00 5709490.00 205.99
633915.00 5709490.00 205.99
633920.00 5709490.00 205.98
633925.00 5709490.00 205.93
633930.00 5709490.00 205.94
633935.00 5709490.00 205.91
633940.00 5709490.00 205.89
633945.00 5709490.00 205.92
633950.00 5709490.00 205.75
633955.00 5709490.00 205.82
633960.00 5709490.00 205.81
633965.00 5709490.00 205.77
633970.00 5709490.00 205.67
633975.00 5709490.00 205.63
633980.00 5709490.00 205.62
633985.00 5709490.00 205.59
633990.00 5709490.00 205.52
633995.00 5709490.00 205.48
634000.00 5709490.00 205.42
633640.00 5709485.00 249.40
633645.00 5709485.00 240.82
633650.00 5709485.00 231.31
633655.00 5709485.00 226.53
633660.00 5709485.00 224.80
633665.00 5709485.00 222.39
633670.00 5709485.00 220.09
633675.00 5709485.00 217.15
633680.00 5709485.00 214.93
633685.00 5709485.00 211.98
633690.00 5709485.00 209.56
633695.00 5709485.00 207.89
633700.00 5709485.00 207.50
633705.00 5709485.00 207.51
633710.00 5709485.00 206.78
633715.00 5709485.00 206.82
633720.00 5709485.00 206.71
633725.00 5709485.00 206.71
633730.00 5709485.00 207.23
633735.00 5709485.00 207.26
633740.00 5709485.00 207.20
633745.00 5709485.00 207.16
633750.00 5709485.00 207.08
633755.00 5709485.00 207.02
633760.00 5709485.00 206.97
633765.00 5709485.00 206.95
633770.00 5709485.00 206.92
633775.00 5709485.00 207.10
633780.00 5709485.00 207.11
633785.00 5709485.00 207.01
633790.00 5709485.00 206.93
633795.00 5709485.00 206.81
633800.00 5709485.00 206.76
633805.00 5709485.00 206.74
633810.00 5709485.00 206.71
633815.00 5709485.00 206.75
633820.00 5709485.00 206.72
633825.00 5709485.00 206.75
633830.00 5709485.00 206.60
633835.00 5709485.00 206.51
633840.00 5709485.00 206.48
633845.00 5709485.00 206.50
633850.00 5709485.00 206.36
633855.00 5709485.00 206.22
633860.00 5709485.00 206.12
633865.00 5709485.00 206.12
633870.00 5709485.00 206.08
633875.00 5709485.00 206.07
633880.00 5709485.00 206.05
633885.00 5709485.00 206.04
633890.00 5709485.00 206.06
633895.00 5709485.00 206.04
633900.00 5709485.00 206.01
633905.00 5709485.00 205.98
633910.00 5709485.00 205.95
633915.00 5709485.00 205.96
633920.00 5709485.00 205.91
633925.00 5709485.00 205.96
633930.00 5709485.00 206.04
633935.00 5709485.00 205.90
633940.00 5709485.00 205.94
633945.00 5709485.00 205.89
633950.00 5709485.00 205.78
633955.00 5709485.00 205.69
633960.00 5709485.00 205.77
633965.00 5709485.00 205.77
633970.00 5709485.00 205.62
633975.00 5709485.00 205.60
633980.00 5709485.00 205.61
633985.00 5709485.00 205.59
633990.00 5709485.00 205.47
633995.00 5709485.00 205.48
634000.00 5709485.00 205.47
633645.00 5709480.00 252.58
633650.00 5709480.00 245.76
633655.00 5709480.00 235.79
633660.00 5709480.00 229.66
633665.00 5709480.00 226.11
633670.00 5709480.00 221.65
633675.00 5709480.00 220.60
633680.00 5709480.00 218.37
633685.00 5709480.00 215.39
633690.00 5709480.00 211.78
633695.00 5709480.00 209.12
633700.00 5709480.00 207.60
633705.00 5709480.00 207.47
633710.00 5709480.00 207.41
633715.00 5709480.00 207.45
633720.00 5709480.00 207.21
633725.00 5709480.00 206.82
633730.00 5709480.00 206.65
633735.00 5709480.00 206.66
633740.00 5709480.00 206.57
633745.00 5709480.00 206.64
633750.00 5709480.00 206.76
633755.00 5709480.00 207.02
633760.00 5709480.00 207.16
633765.00 5709480.00 207.24
633770.00 5709480.00 206.92
633775.00 5709480.00 206.95
633780.00 5709480.00 207.06
633785.00 5709480.00 206.97
633790.00 5709480.00 206.91
633795.00 5709480.00 206.84
633800.00 5709480.00 206.79
633805.00 5709480.00 206.78
633810.00 5709480.00 206.75
633815.00 5709480.00 206.86
633820.00 5709480.00 207.49
633825.00 5709480.00 207.50
633830.00 5709480.00 206.89
633835.00 5709480.00 206.50
633840.00 5709480.00 206.58
633845.00 5709480.00 206.47
633850.00 5709480.00 206.46
633855.00 5709480.00 206.41
633860.00 5709480.00 206.40
633865.00 5709480.00 206.32
633870.00 5709480.00 206.17
633875.00 5709480.00 206.06
633880.00 5709480.00 206.10
633885.00 5709480.00 206.08
633890.00 5709480.00 206.08
633895.00 5709480.00 206.05
633900.00 5709480.00 206.05
633905.00 5709480.00 206.03
633910.00 5709480.00 206.02
633915.00 5709480.00 205.99
633920.00 5709480.00 205.99
633925.00 5709480.00 206.07
633930.00 5709480.00 205.95
633935.00 5709480.00 206.11
633940.00 5709480.00 206.00
633945.00 5709480.00 205.85
633950.00 5709480.00 205.79
633955.00 5709480.00 205.64
633960.00 5709480.00 205.69
633965.00 5709480.00 205.79
633970.00 5709480.00 205.73
633975.00 5709480.00 205.65
633980.00 5709480.00 205.62
633985.00 5709480.00 205.56
633990.00 5709480.00 205.57
633995.00 5709480.00 205.48
634000.00 5709480.00 205.44
633645.00 5709475.00 258.03
633650.00 5709475.00 253.51
633655.00 5709475.00 248.36
633660.00 5709475.00 243.67
633665.00 5709475.00 239.69
633670.00 5709475.00 229.08
633675.00 5709475.00 222.64
633680.00 5709475.00 221.57
633685.00 5709475.00 217.56
633690.00 5709475.00 213.03
633695.00 5709475.00 210.86
633700.00 5709475.00 210.43
633705.00 5709475.00 209.50
633710.00 5709475.00 209.49
633715.00 5709475.00 208.85
633720.00 5709475.00 207.81
633725.00 5709475.00 207.93
633730.00 5709475.00 207.82
633735.00 5709475.00 207.48
633740.00 5709475.00 207.14
633745.00 5709475.00 206.86
633750.00 5709475.00 206.59
633755.00 5709475.00 206.47
633760.00 5709475.00 206.41
633765.00 5709475.00 206.41
633770.00 5709475.00 206.59
633775.00 5709475.00 206.44
633780.00 5709475.00 206.31
633785.00 5709475.00 206.38
633790.00 5709475.00 206.57
633795.00 5709475.00 206.91
633800.00 5709475.00 207.02
633805.00 5709475.00 207.01
633810.00 5709475.00 206.92
633815.00 5709475.00 207.06
633820.00 5709475.00 207.48
633825.00 5709475.00 207.57
633830.00 5709475.00 207.62
633835.00 5709475.00 206.81
633840.00 5709475.00 206.55
633845.00 5709475.00 206.48
633850.00 5709475.00 206.49
633855.00 5709475.00 206.43
633860.00 5709475.00 206.43
633865.00 5709475.00 206.42
633870.00 5709475.00 206.41
633875.00 5709475.00 206.29
633880.00 5709475.00 206.18
633885.00 5709475.00 206.11
633890.00 5709475.00 206.08
633895.00 5709475.00 206.08
633900.00 5709475.00 206.03
633905.00 5709475.00 206.05
633910.00 5709475.00 206.07
633915.00 5709475.00 206.07
633920.00 5709475.00 206.13
633925.00 5709475.00 206.02
633930.00 5709475.00 206.14
633935.00 5709475.00 206.11
633940.00 5709475.00 205.99
633945.00 5709475.00 205.85
633950.00 5709475.00 205.88
633955.00 5709475.00 205.77
633960.00 5709475.00 205.72
633965.00 5709475.00 205.48
633970.00 5709475.00 205.59
633975.00 5709475.00 205.70
633980.00 5709475.00 205.67
633985.00 5709475.00 205.63
633990.00 5709475.00 205.59
633995.00 5709475.00 205.54
634000.00 5709475.00 205.48
633650.00 5709470.00 252.33
633655.00 5709470.00 247.71
633660.00 5709470.00 243.27
633665.00 5709470.00 240.04
633670.00 5709470.00 235.74
633675.00 5709470.00 225.71
633680.00 5709470.00 222.15
633685.00 5709470.00 226.99
633690.00 5709470.00 219.81
633695.00 5709470.00 214.33
633700.00 5709470.00 214.38
633705.00 5709470.00 213.93
633710.00 5709470.00 213.88
633715.00 5709470.00 213.24
633720.00 5709470.00 212.05
633725.00 5709470.00 211.14
633730.00 5709470.00 210.67
633735.00 5709470.00 210.29
633740.00 5709470.00 210.37
633745.00 5709470.00 208.63
633750.00 5709470.00 208.02
633755.00 5709470.00 207.37
633760.00 5709470.00 207.17
633765.00 5709470.00 207.25
633770.00 5709470.00 207.28
633775.00 5709470.00 207.09
633780.00 5709470.00 207.03
633785.00 5709470.00 206.80
633790.00 5709470.00 206.42
633795.00 5709470.00 206.32
633800.00 5709470.00 206.32
633805.00 5709470.00 206.30
633810.00 5709470.00 206.30
633815.00 5709470.00 206.31
633820.00 5709470.00 206.34
633825.00 5709470.00 206.42
633830.00 5709470.00 206.57
633835.00 5709470.00 207.02
633840.00 5709470.00 206.59
633845.00 5709470.00 206.59
633850.00 5709470.00 206.49
633855.00 5709470.00 206.44
633860.00 5709470.00 206.33
633865.00 5709470.00 206.19
633870.00 5709470.00 206.14
633875.00 5709470.00 206.31
633880.00 5709470.00 206.27
633885.00 5709470.00 206.29
633890.00 5709470.00 206.30
633895.00 5709470.00 206.22
633900.00 5709470.00 206.15
633905.00 5709470.00 206.14
633910.00 5709470.00 206.12
633915.00 5709470.00 206.18
633920.00 5709470.00 206.11
633925.00 5709470.00 206.10
633930.00 5709470.00 206.15
633935.00 5709470.00 206.02
633940.00 5709470.00 205.98
633945.00 5709470.00 205.87
633950.00 5709470.00 205.82
633955.00 5709470.00 205.77
633960.00 5709470.00 205.67
633965.00 5709470.00 205.65
633970.00 5709470.00 205.58
633975.00 5709470.00 205.52
633980.00 5709470.00 205.62
633985.00 5709470.00 205.59
633990.00 5709470.00 205.54
633995.00 5709470.00 205.53
634000.00 5709470.00 205.50
633650.00 5709465.00 249.78
633655.00 5709465.00 246.21
633660.00 5709465.00 242.05
633665.00 5709465.00 238.90
633670.00 5709465.00 235.15
633675.00 5709465.00 229.51
633680.00 5709465.00 222.69
633685.00 5709465.00 225.44
633690.00 5709465.00 224.70
633695.00 5709465.00 218.13
633700.00 5709465.00 216.91
633705.00 5709465.00 216.25
633710.00 5709465.00 215.80
633715.00 5709465.00 215.71
633720.00 5709465.00 214.40
633725.00 5709465.00 213.39
633730.00 5709465.00 212.72
633735.00 5709465.00 212.02
633740.00 5709465.00 211.28
633745.00 5709465.00 210.36
633750.00 5709465.00 209.60
633755.00 5709465.00 208.96
633760.00 5709465.00 208.29
633765.00 5709465.00 207.58
633770.00 5709465.00 207.64
633775.00 5709465.00 207.34
633780.00 5709465.00 207.51
633785.00 5709465.00 207.47
633790.00 5709465.00 207.61
633795.00 5709465.00 206.65
633800.00 5709465.00 206.64
633805.00 5709465.00 207.21
633810.00 5709465.00 207.22
633815.00 5709465.00 207.06
633820.00 5709465.00 206.77
633825.00 5709465.00 206.44
633830.00 5709465.00 206.33
633835.00 5709465.00 206.31
633840.00 5709465.00 206.62
633845.00 5709465.00 206.75
633850.00 5709465.00 206.55
633855.00 5709465.00 206.74
633860.00 5709465.00 206.52
633865.00 5709465.00 206.76
633870.00 5709465.00 206.47
633875.00 5709465.00 206.30
633880.00 5709465.00 206.26
633885.00 5709465.00 206.18
633890.00 5709465.00 206.26
633895.00 5709465.00 206.29
633900.00 5709465.00 206.29
633905.00 5709465.00 206.24
633910.00 5709465.00 206.16
633915.00 5709465.00 206.12
633920.00 5709465.00 206.19
633925.00 5709465.00 206.17
633930.00 5709465.00 206.11
633935.00 5709465.00 206.00
633940.00 5709465.00 205.94
633945.00 5709465.00 206.03
633950.00 5709465.00 205.91
633955.00 5709465.00 205.76
633960.00 5709465.00 205.68
633965.00 5709465.00 205.62
633970.00 5709465.00 205.60
633975.00 5709465.00 205.64
633980.00 5709465.00 205.60
633985.00 5709465.00 205.63
633990.00 5709465.00 205.56
633995.00 5709465.00 205.54
634000.00 5709465.00 205.49
633655.00 5709460.00 244.41
633660.00 5709460.00 240.38
633665.00 5709460.00 236.93
633670.00 5709460.00 233.99
633675.00 5709460.00 228.93
633680.00 5709460.00 222.85
633685.00 5709460.00 223.91
633690.00 5709460.00 219.84
633695.00 5709460.00 218.91
633700.00 5709460.00 223.04
633705.00 5709460.00 225.00
633710.00 5709460.00 225.35
633715.00 5709460.00 223.29
633720.00 5709460.00 219.50
633725.00 5709460.00 217.66
633730.00 5709460.00 216.64
633735.00 5709460.00 216.37
633740.00 5709460.00 215.40
633745.00 5709460.00 214.62
633750.00 5709460.00 213.33
633755.00 5709460.00 211.83
633760.00 5709460.00 211.30
633765.00 5709460.00 210.22
633770.00 5709460.00 208.99
633775.00 5709460.00 208.48
633780.00 5709460.00 208.43
633785.00 5709460.00 208.91
633790.00 5709460.00 208.68
633795.00 5709460.00 208.67
633800.00 5709460.00 208.32
633805.00 5709460.00 207.38
633810.00 5709460.00 207.05
633815.00 5709460.00 207.08
633820.00 5709460.00 206.63
633825.00 5709460.00 206.79
633830.00 5709460.00 206.51
633835.00 5709460.00 206.31
633840.00 5709460.00 206.27
633845.00 5709460.00 206.26
633850.00 5709460.00 206.24
633855.00 5709460.00 206.34
633860.00 5709460.00 206.25
633865.00 5709460.00 206.37
633870.00 5709460.00 206.16
633875.00 5709460.00 206.31
633880.00 5709460.00 206.37
633885.00 5709460.00 206.45
633890.00 5709460.00 206.27
633895.00 5709460.00 206.25
633900.00 5709460.00 206.22
633905.00 5709460.00 206.20
633910.00 5709460.00 206.13
633915.00 5709460.00 206.20
633920.00 5709460.00 206.21
633925.00 5709460.00 206.10
633930.00 5709460.00 206.08
633935.00 5709460.00 206.06
633940.00 5709460.00 206.00
633945.00 5709460.00 206.06
633950.00 5709460.00 206.04
633955.00 5709460.00 205.88
633960.00 5709460.00 205.74
633965.00 5709460.00 205.66
633970.00 5709460.00 205.61
633975.00 5709460.00 205.57
633980.00 5709460.00 205.51
633985.00 5709460.00 205.65
633990.00 5709460.00 205.62
633995.00 5709460.00 205.53
634000.00 5709460.00 205.46
633660.00 5709455.00 237.77
633665.00 5709455.00 234.45
633670.00 5709455.00 230.66
633675.00 5709455.00 225.72
633680.00 5709455.00 222.63
633685.00 5709455.00 221.13
633690.00 5709455.00 221.18
633695.00 5709455.00 223.99
633700.00 5709455.00 227.47
633705.00 5709455.00 229.55
633710.00 5709455.00 230.92
633715.00 5709455.00 229.89
633720.00 5709455.00 228.08
633725.00 5709455.00 225.22
633730.00 5709455.00 223.17
633735.00 5709455.00 221.29
633740.00 5709455.00 220.76
633745.00 5709455.00 218.19
633750.00 5709455.00 218.16
633755.00 5709455.00 216.76
633760.00 5709455.00 216.40
633765.00 5709455.00 215.44
633770.00 5709455.00 214.14
633775.00 5709455.00 212.86
633780.00 5709455.00 212.53
633785.00 5709455.00 212.44
633790.00 5709455.00 212.95
633795.00 5709455.00 212.70
633800.00 5709455.00 211.92
633805.00 5709455.00 211.54
633810.00 5709455.00 209.12
633815.00 5709455.00 207.31
633820.00 5709455.00 206.60
633825.00 5709455.00 206.87
633830.00 5709455.00 206.92
633835.00 5709455.00 207.10
633840.00 5709455.00 206.78
633845.00 5709455.00 206.48
633850.00 5709455.00 206.73
633855.00 5709455.00 207.54
633860.00 5709455.00 207.02
633865.00 5709455.00 206.49
633870.00 5709455.00 206.40
633875.00 5709455.00 206.33
633880.00 5709455.00 206.30
633885.00 5709455.00 206.24
633890.00 5709455.00 206.33
633895.00 5709455.00 206.38
633900.00 5709455.00 206.38
633905.00 5709455.00 206.15
633910.00 5709455.00 206.32
633915.00 5709455.00 206.39
633920.00 5709455.00 206.26
633925.00 5709455.00 206.20
633930.00 5709455.00 206.13
633935.00 5709455.00 205.95
633940.00 5709455.00 205.97
633945.00 5709455.00 205.99
633950.00 5709455.00 206.01
633955.00 5709455.00 205.81
633960.00 5709455.00 205.75
633965.00 5709455.00 205.70
633970.00 5709455.00 205.64
633975.00 5709455.00 205.65
633980.00 5709455.00 205.57
633985.00 5709455.00 205.57
633990.00 5709455.00 205.61
633995.00 5709455.00 205.57
634000.00 5709455.00 205.50
633670.00 5709450.00 228.20
633675.00 5709450.00 223.31
633680.00 5709450.00 222.39
633685.00 5709450.00 223.12
633690.00 5709450.00 225.04
633695.00 5709450.00 226.96
633700.00 5709450.00 228.83
633705.00 5709450.00 230.36
633710.00 5709450.00 231.89
633715.00 5709450.00 233.42
633720.00 5709450.00 235.46
633725.00 5709450.00 235.91
633730.00 5709450.00 230.57
633735.00 5709450.00 227.82
633740.00 5709450.00 226.68
633745.00 5709450.00 225.79
633750.00 5709450.00 222.99
633755.00 5709450.00 221.78
633760.00 5709450.00 220.62
633765.00 5709450.00 219.67
633770.00 5709450.00 218.90
633775.00 5709450.00 217.61
633780.00 5709450.00 217.01
633785.00 5709450.00 216.79
633790.00 5709450.00 216.86
633795.00 5709450.00 217.25
633800.00 5709450.00 216.70
633805.00 5709450.00 215.64
633810.00 5709450.00 214.03
633815.00 5709450.00 212.01
633820.00 5709450.00 210.56
633825.00 5709450.00 208.76
633830.00 5709450.00 207.15
633835.00 5709450.00 207.56
633840.00 5709450.00 208.03
633845.00 5709450.00 207.83
633850.00 5709450.00 207.63
633855.00 5709450.00 208.06
633860.00 5709450.00 207.22
633865.00 5709450.00 207.22
633870.00 5709450.00 206.68
633875.00 5709450.00 206.55
633880.00 5709450.00 206.39
633885.00 5709450.00 206.37
633890.00 5709450.00 206.24
633895.00 5709450.00 206.31
633900.00 5709450.00 206.18
633905.00 5709450.00 206.31
633910.00 5709450.00 206.32
633915.00 5709450.00 206.28
633920.00 5709450.00 206.29
633925.00 5709450.00 206.24
633930.00 5709450.00 206.06
633935.00 5709450.00 206.04
633940.00 5709450.00 206.02
633945.00 5709450.00 206.01
633950.00 5709450.00 205.87
633955.00 5709450.00 205.83
633960.00 5709450.00 205.72
633965.00 5709450.00 205.70
633970.00 5709450.00 205.72
633975.00 5709450.00 205.71
633980.00 5709450.00 205.67
633985.00 5709450.00 205.53
633990.00 5709450.00 205.58
633995.00 5709450.00 205.58
634000.00 5709450.00 205.54
633675.00 5709445.00 223.44
633680.00 5709445.00 224.38
633685.00 5709445.00 225.77
633690.00 5709445.00 226.77
633695.00 5709445.00 228.66
633700.00 5709445.00 230.04
633705.00 5709445.00 231.09
633710.00 5709445.00 232.61
633715.00 5709445.00 234.15
633720.00 5709445.00 236.17
633725.00 5709445.00 237.19
633730.00 5709445.00 236.98
633735.00 5709445.00 237.43
633740.00 5709445.00 237.67
633745.00 5709445.00 237.96
633750.00 5709445.00 231.83
633755.00 5709445.00 226.70
633760.00 5709445.00 226.49
633765.00 5709445.00 225.68
633770.00 5709445.00 224.60
633775.00 5709445.00 223.41
633780.00 5709445.00 221.56
633785.00 5709445.00 221.14
633790.00 5709445.00 221.23
633795.00 5709445.00 221.49
633800.00 5709445.00 221.22
633805.00 5709445.00 219.51
633810.00 5709445.00 219.01
633815.00 5709445.00 217.41
633820.00 5709445.00 215.33
633825.00 5709445.00 213.67
633830.00 5709445.00 210.51
633835.00 5709445.00 210.32
633840.00 5709445.00 210.72
633845.00 5709445.00 210.65
633850.00 5709445.00 210.16
633855.00 5709445.00 209.17
633860.00 5709445.00 209.20
633865.00 5709445.00 207.44
633870.00 5709445.00 206.75
633875.00 5709445.00 206.30
633880.00 5709445.00 206.25
633885.00 5709445.00 206.25
633890.00 5709445.00 206.21
633895.00 5709445.00 206.26
633900.00 5709445.00 206.47
633905.00 5709445.00 206.37
633910.00 5709445.00 206.26
633915.00 5709445.00 206.16
633920.00 5709445.00 206.21
633925.00 5709445.00 206.22
633930.00 5709445.00 206.24
633935.00 5709445.00 206.15
633940.00 5709445.00 206.05
633945.00 5709445.00 206.05
633950.00 5709445.00 205.95
633955.00 5709445.00 205.87
633960.00 5709445.00 205.74
633965.00 5709445.00 205.70
633970.00 5709445.00 205.71
633975.00 5709445.00 205.69
633980.00 5709445.00 205.64
633985.00 5709445.00 205.55
633990.00 5709445.00 205.57
633995.00 5709445.00 205.60
634000.00 5709445.00 205.56
633685.00 5709440.00 227.92
633690.00 5709440.00 228.48
633695.00 5709440.00 229.21
633700.00 5709440.00 230.83
633705.00 5709440.00 231.70
633710.00 5709440.00 233.07
633715.00 5709440.00 235.28
633720.00 5709440.00 237.01
633725.00 5709440.00 237.89
633730.00 5709440.00 238.20
633735.00 5709440.00 238.75
633740.00 5709440.00 239.70
633745.00 5709440.00 240.83
633750.00 5709440.00 242.03
633755.00 5709440.00 240.47
633760.00 5709440.00 237.45
633765.00 5709440.00 234.87
633770.00 5709440.00 231.95
633775.00 5709440.00 229.21
633780.00 5709440.00 227.61
633785.00 5709440.00 225.40
633790.00 5709440.00 225.68
633795.00 5709440.00 225.23
633800.00 5709440.00 224.26
633805.00 5709440.00 223.24
633810.00 5709440.00 222.48
633815.00 5709440.00 221.03
633820.00 5709440.00 219.34
633825.00 5709440.00 216.46
633830.00 5709440.00 215.15
633835.00 5709440.00 214.00
633840.00 5709440.00 213.73
633845.00 5709440.00 213.24
633850.00 5709440.00 212.35
633855.00 5709440.00 211.59
633860.00 5709440.00 211.17
633865.00 5709440.00 210.45
633870.00 5709440.00 208.44
633875.00 5709440.00 206.84
633880.00 5709440.00 206.81
633885.00 5709440.00 206.34
633890.00 5709440.00 206.33
633895.00 5709440.00 206.17
633900.00 5709440.00 206.11
633905.00 5709440.00 206.16
633910.00 5709440.00 206.19
633915.00 5709440.00 206.17
633920.00 5709440.00 206.14
633925.00 5709440.00 206.19
633930.00 5709440.00 206.22
633935.00 5709440.00 206.19
633940.00 5709440.00 206.14
633945.00 5709440.00 206.10
633950.00 5709440.00 205.95
633955.00 5709440.00 205.93
633960.00 5709440.00 205.85
633965.00 5709440.00 205.82
633970.00 5709440.00 205.79
633975.00 5709440.00 205.75
633980.00 5709440.00 205.69
633985.00 5709440.00 205.63
633990.00 5709440.00 205.55
633995.00 5709440.00 205.57
634000.00 5709440.00 205.57
633700.00 5709435.00 232.09
633705.00 5709435.00 233.42
633710.00 5709435.00 234.87
633715.00 5709435.00 236.87
633720.00 5709435.00 238.82
633725.00 5709435.00 239.97
633730.00 5709435.00 240.45
633735.00 5709435.00 241.06
633740.00 5709435.00 241.95
633745.00 5709435.00 243.01
633750.00 5709435.00 243.31
633755.00 5709435.00 242.48
633760.00 5709435.00 239.88
633765.00 5709435.00 237.08
633770.00 5709435.00 235.53
633775.00 5709435.00 235.29
633780.00 5709435.00 237.93
633785.00 5709435.00 231.57
633790.00 5709435.00 229.92
633795.00 5709435.00 229.19
633800.00 5709435.00 228.37
633805.00 5709435.00 227.75
633810.00 5709435.00 226.44
633815.00 5709435.00 225.97
633820.00 5709435.00 223.79
633825.00 5709435.00 220.92
633830.00 5709435.00 219.01
633835.00 5709435.00 218.54
633840.00 5709435.00 216.98
633845.00 5709435.00 215.72
633850.00 5709435.00 214.44
633855.00 5709435.00 213.34
633860.00 5709435.00 212.30
633865.00 5709435.00 211.76
633870.00 5709435.00 209.81
633875.00 5709435.00 207.17
633880.00 5709435.00 207.00
633885.00 5709435.00 206.76
633890.00 5709435.00 206.33
633895.00 5709435.00 206.27
633900.00 5709435.00 206.16
633905.00 5709435.00 206.23
633910.00 5709435.00 206.53
633915.00 5709435.00 206.49
633920.00 5709435.00 206.25
633925.00 5709435.00 206.13
633930.00 5709435.00 206.13
633935.00 5709435.00 206.15
633940.00 5709435.00 206.08
633945.00 5709435.00 206.10
633950.00 5709435.00 206.01
633955.00 5709435.00 205.94
633960.00 5709435.00 205.89
633965.00 5709435.00 205.85
633970.00 5709435.00 205.84
633975.00 5709435.00 205.81
633980.00 5709435.00 205.77
633985.00 5709435.00 205.71
633990.00 5709435.00 205.71
633995.00 5709435.00 205.62
634000.00 5709435.00 205.60
633745.00 5709430.00 244.40
633750.00 5709430.00 244.47
633755.00 5709430.00 244.22
633760.00 5709430.00 241.91
633765.00 5709430.00 238.70
633770.00 5709430.00 237.58
633775.00 5709430.00 237.11
633780.00 5709430.00 239.73
633785.00 5709430.00 241.28
633790.00 5709430.00 239.91
633795.00 5709430.00 235.64
633800.00 5709430.00 235.57
633805.00 5709430.00 232.87
633810.00 5709430.00 232.03
633815.00 5709430.00 230.06
633820.00 5709430.00 228.20
633825.00 5709430.00 225.99
633830.00 5709430.00 222.56
633835.00 5709430.00 221.41
633840.00 5709430.00 219.84
633845.00 5709430.00 218.61
633850.00 5709430.00 217.45
633855.00 5709430.00 216.49
633860.00 5709430.00 214.65
633865.00 5709430.00 212.53
633870.00 5709430.00 210.85
633875.00 5709430.00 210.10
633880.00 5709430.00 210.32
633885.00 5709430.00 210.71
633890.00 5709430.00 208.17
633895.00 5709430.00 207.04
633900.00 5709430.00 207.12
633905.00 5709430.00 207.55
633910.00 5709430.00 207.82
633915.00 5709430.00 207.29
633920.00 5709430.00 206.41
633925.00 5709430.00 206.31
633930.00 5709430.00 206.08
633935.00 5709430.00 206.13
633940.00 5709430.00 205.92
633945.00 5709430.00 205.97
633950.00 5709430.00 206.01
633955.00 5709430.00 206.00
633960.00 5709430.00 205.96
633965.00 5709430.00 205.90
633970.00 5709430.00 205.91
633975.00 5709430.00 205.89
633980.00 5709430.00 205.86
633985.00 5709430.00 205.87
633990.00 5709430.00 205.80
633995.00 5709430.00 205.70
634000.00 5709430.00 205.66
633770.00 5709425.00 239.32
633775.00 5709425.00 238.51
633780.00 5709425.00 240.56
633785.00 5709425.00 243.80
633790.00 5709425.00 247.71
633795.00 5709425.00 244.28
633800.00 5709425.00 241.29
633805.00 5709425.00 239.98
633810.00 5709425.00 239.00
633815.00 5709425.00 235.33
633820.00 5709425.00 232.12
633825.00 5709425.00 231.29
633830.00 5709425.00 227.42
633835.00 5709425.00 224.95
633840.00 5709425.00 222.77
633845.00 5709425.00 221.92
633850.00 5709425.00 221.19
633855.00 5709425.00 219.47
633860.00 5709425.00 217.02
633865.00 5709425.00 215.11
633870.00 5709425.00 214.70
633875.00 5709425.00 215.03
633880.00 5709425.00 215.14
633885.00 5709425.00 214.71
633890.00 5709425.00 213.42
633895.00 5709425.00 212.08
633900.00 5709425.00 211.36
633905.00 5709425.00 210.92
633910.00 5709425.00 211.46
633915.00 5709425.00 211.32
633920.00 5709425.00 209.93
633925.00 5709425.00 208.14
633930.00 5709425.00 206.41
633935.00 5709425.00 205.96
633940.00 5709425.00 205.96
633945.00 5709425.00 205.86
633950.00 5709425.00 205.88
633955.00 5709425.00 205.91
633960.00 5709425.00 205.90
633965.00 5709425.00 205.96
633970.00 5709425.00 205.89
633975.00 5709425.00 205.91
633980.00 5709425.00 205.87
633985.00 5709425.00 205.82
633990.00 5709425.00 205.86
633995.00 5709425.00 205.85
634000.00 5709425.00 205.76
633785.00 5709420.00 245.60
633790.00 5709420.00 249.81
633795.00 5709420.00 247.94
633800.00 5709420.00 245.18
633805.00 5709420.00 244.03
633810.00 5709420.00 244.33
633815.00 5709420.00 242.43
633820.00 5709420.00 236.14
633825.00 5709420.00 235.36
633830.00 5709420.00 232.09
633835.00 5709420.00 231.30
633840.00 5709420.00 229.03
633845.00 5709420.00 226.82
633850.00 5709420.00 224.73
633855.00 5709420.00 222.27
633860.00 5709420.00 220.86
633865.00 5709420.00 219.44
633870.00 5709420.00 219.37
633875.00 5709420.00 219.40
633880.00 5709420.00 219.21
633885.00 5709420.00 218.90
633890.00 5709420.00 217.36
633895.00 5709420.00 216.93
633900.00 5709420.00 216.65
633905.00 5709420.00 215.87
633910.00 5709420.00 214.46
633915.00 5709420.00 213.96
633920.00 5709420.00 213.17
633925.00 5709420.00 212.13
633930.00 5709420.00 210.55
633935.00 5709420.00 208.28
633940.00 5709420.00 206.31
633945.00 5709420.00 206.08
633950.00 5709420.00 205.94
633955.00 5709420.00 205.92
633960.00 5709420.00 205.90
633965.00 5709420.00 205.90
633970.00 5709420.00 206.01
633975.00 5709420.00 205.95
633980.00 5709420.00 205.82
633985.00 5709420.00 205.83
633990.00 5709420.00 205.82
633995.00 5709420.00 205.81
634000.00 5709420.00 205.79
633795.00 5709415.00 253.13
633800.00 5709415.00 250.35
633805.00 5709415.00 250.40
633810.00 5709415.00 251.33
633815.00 5709415.00 254.62
633820.00 5709415.00 246.60
633825.00 5709415.00 240.97
633830.00 5709415.00 239.61
633835.00 5709415.00 237.25
633840.00 5709415.00 234.05
633845.00 5709415.00 232.27
633850.00 5709415.00 229.92
633855.00 5709415.00 229.01
633860.00 5709415.00 227.99
633865.00 5709415.00 226.04
633870.00 5709415.00 223.67
633875.00 5709415.00 222.38
633880.00 5709415.00 221.71
633885.00 5709415.00 221.66
633890.00 5709415.00 222.80
633895.00 5709415.00 221.47
633900.00 5709415.00 220.98
633905.00 5709415.00 220.06
633910.00 5709415.00 218.04
633915.00 5709415.00 215.85
633920.00 5709415.00 215.57
633925.00 5709415.00 214.89
633930.00 5709415.00 214.60
633935.00 5709415.00 212.56
633940.00 5709415.00 208.38
633945.00 5709415.00 206.32
633950.00 5709415.00 206.19
633955.00 5709415.00 206.16
633960.00 5709415.00 206.14
633965.00 5709415.00 205.90
633970.00 5709415.00 205.86
633975.00 5709415.00 205.86
633980.00 5709415.00 206.15
633985.00 5709415.00 206.27
633990.00 5709415.00 205.80
633995.00 5709415.00 205.84
634000.00 5709415.00 205.79
633810.00 5709410.00 259.51
633815.00 5709410.00 259.43
633820.00 5709410.00 257.51
633825.00 5709410.00 252.19
633830.00 5709410.00 245.92
633835.00 5709410.00 243.12
633840.00 5709410.00 240.19
633845.00 5709410.00 237.04
633850.00 5709410.00 235.01
633855.00 5709410.00 235.47
633860.00 5709410.00 235.19
633865.00 5709410.00 233.92
633870.00 5709410.00 230.92
633875.00 5709410.00 230.19
633880.00 5709410.00 229.04
633885.00 5709410.00 226.87
633890.00 5709410.00 226.64
633895.00 5709410.00 225.36
633900.00 5709410.00 224.12
633905.00 5709410.00 223.45
633910.00 5709410.00 221.39
633915.00 5709410.00 219.45
633920.00 5709410.00 219.07
633925.00 5709410.00 217.98
633930.00 5709410.00 216.63
633935.00 5709410.00 215.03
633940.00 5709410.00 212.34
633945.00 5709410.00 209.06
633950.00 5709410.00 206.53
633955.00 5709410.00 206.28
633960.00 5709410.00 206.29
633965.00 5709410.00 206.22
633970.00 5709410.00 205.86
633975.00 5709410.00 205.82
633980.00 5709410.00 206.30
633985.00 5709410.00 205.87
633990.00 5709410.00 205.90
633995.00 5709410.00 205.78
634000.00 5709410.00 205.75
633825.00 5709405.00 264.43
633830.00 5709405.00 256.75
633835.00 5709405.00 249.89
633840.00 5709405.00 245.58
633845.00 5709405.00 242.29
633850.00 5709405.00 240.55
633855.00 5709405.00 241.36
633860.00 5709405.00 241.22
633865.00 5709405.00 240.08
633870.00 5709405.00 237.10
633875.00 5709405.00 237.92
633880.00 5709405.00 235.69
633885.00 5709405.00 232.93
633890.00 5709405.00 231.36
633895.00 5709405.00 229.29
633900.00 5709405.00 228.02
633905.00 5709405.00 226.13
633910.00 5709405.00 224.82
633915.00 5709405.00 223.71
633920.00 5709405.00 222.82
633925.00 5709405.00 221.88
633930.00 5709405.00 219.68
633935.00 5709405.00 218.13
633940.00 5709405.00 215.49
633945.00 5709405.00 212.85
633950.00 5709405.00 210.31
633955.00 5709405.00 210.24
633960.00 5709405.00 210.14
633965.00 5709405.00 207.08
633970.00 5709405.00 206.36
633975.00 5709405.00 206.26
633980.00 5709405.00 205.96
633985.00 5709405.00 205.85
633990.00 5709405.00 205.94
633995.00 5709405.00 205.98
634000.00 5709405.00 205.70
633860.00 5709400.00 248.71
633865.00 5709400.00 248.39
633870.00 5709400.00 247.04
633875.00 5709400.00 243.25
633880.00 5709400.00 241.15
633885.00 5709400.00 238.75
633890.00 5709400.00 236.19
633895.00 5709400.00 234.37
633900.00 5709400.00 232.29
633905.00 5709400.00 231.03
633910.00 5709400.00 229.30
633915.00 5709400.00 227.91
633920.00 5709400.00 226.76
633925.00 5709400.00 225.48
633930.00 5709400.00 222.70
633935.00 5709400.00 220.23
633940.00 5709400.00 219.62
633945.00 5709400.00 217.22
633950.00 5709400.00 215.92
633955.00 5709400.00 214.91
633960.00 5709400.00 213.95
633965.00 5709400.00 211.34
633970.00 5709400.00 208.72
633975.00 5709400.00 208.30
633980.00 5709400.00 207.53
633985.00 5709400.00 206.34
633990.00 5709400.00 206.26
633995.00 5709400.00 206.04
634000.00 5709400.00 205.78
633895.00 5709395.00 239.43
633900.00 5709395.00 237.46
633905.00 5709395.00 237.30
633910.00 5709395.00 236.09
633915.00 5709395.00 232.78
633920.00 5709395.00 230.23
633925.00 5709395.00 227.84
633930.00 5709395.00 225.90
633935.00 5709395.00 223.87
633940.00 5709395.00 221.06
633945.00 5709395.00 220.56
633950.00 5709395.00 219.59
633955.00 5709395.00 218.72
633960.00 5709395.00 217.22
633965.00 5709395.00 214.86
633970.00 5709395.00 212.53
633975.00 5709395.00 211.31
633980.00 5709395.00 210.35
633985.00 5709395.00 208.71
633990.00 5709395.00 207.01
633995.00 5709395.00 206.32
634000.00 5709395.00 205.90
633915.00 5709390.00 237.13
633920.00 5709390.00 234.14
633925.00 5709390.00 232.18
633930.00 5709390.00 229.80
633935.00 5709390.00 227.73
633940.00 5709390.00 226.58
633945.00 5709390.00 224.21
633950.00 5709390.00 223.10
633955.00 5709390.00 222.21
633960.00 5709390.00 220.22
633965.00 5709390.00 218.12
633970.00 5709390.00 216.29
633975.00 5709390.00 214.73
633980.00 5709390.00 212.81
633985.00 5709390.00 211.24
633990.00 5709390.00 209.69
633995.00 5709390.00 209.07
634000.00 5709390.00 207.43
633920.00 5709385.00 240.81
633925.00 5709385.00 238.31
633930.00 5709385.00 235.94
633935.00 5709385.00 233.53
633940.00 5709385.00 230.38
633945.00 5709385.00 228.10
633950.00 5709385.00 226.87
633955.00 5709385.00 225.34
633960.00 5709385.00 222.97
633965.00 5709385.00 221.09
633970.00 5709385.00 219.45
633975.00 5709385.00 217.44
633980.00 5709385.00 214.94
633985.00 5709385.00 213.33
633990.00 5709385.00 211.08
633995.00 5709385.00 210.02
634000.00 5709385.00 208.05
633930.00 5709380.00 245.64
633935.00 5709380.00 242.05
633940.00 5709380.00 238.31
633945.00 5709380.00 233.07
633950.00 5709380.00 230.12
633955.00 5709380.00 227.92
633960.00 5709380.00 225.29
633965.00 5709380.00 223.87
633970.00 5709380.00 222.65
633975.00 5709380.00 220.31
633980.00 5709380.00 217.61
633985.00 5709380.00 214.97
633990.00 5709380.00 213.29
633995.00 5709380.00 211.98
634000.00 5709380.00 211.46
633940.00 5709375.00 240.02
633945.00 5709375.00 236.44
633950.00 5709375.00 233.80
633955.00 5709375.00 231.22
633960.00 5709375.00 229.13
633965.00 5709375.00 226.92
633970.00 5709375.00 225.18
633975.00 5709375.00 222.86
633980.00 5709375.00 220.21
633985.00 5709375.00 217.68
633990.00 5709375.00 216.71
633995.00 5709375.00 216.14
634000.00 5709375.00 215.60
633950.00 5709370.00 238.66
633955.00 5709370.00 237.19
633960.00 5709370.00 233.33
633965.00 5709370.00 230.58
633970.00 5709370.00 228.09
633975.00 5709370.00 225.59
633980.00 5709370.00 223.28
633985.00 5709370.00 221.84
633990.00 5709370.00 221.58
633995.00 5709370.00 221.23
634000.00 5709370.00 219.41
633960.00 5709365.00 236.89
633965.00 5709365.00 234.29
633970.00 5709365.00 231.55
633975.00 5709365.00 230.04
633980.00 5709365.00 225.56
633985.00 5709365.00 224.71
633990.00 5709365.00 224.81
633995.00 5709365.00 223.74
634000.00 5709365.00 223.17
633970.00 5709360.00 237.25
633975.00 5709360.00 234.85
633980.00 5709360.00 232.18
633985.00 5709360.00 229.67
633990.00 5709360.00 228.41
633995.00 5709360.00 226.99
634000.00 5709360.00 225.21
633980.00 5709355.00 239.67
633985.00 5709355.00 233.94
633990.00 5709355.00 233.19
633995.00 5709355.00 230.87
634000.00 5709355.00 228.91
633995.00 5709350.00 235.29
634000.00 5709350.00 232.83
634000.00 5709260.00 246.45
633990.00 5709255.00 248.37
633995.00 5709255.00 246.42
634000.00 5709255.00 245.27
633985.00 5709250.00 248.27
633990.00 5709250.00 247.50
633995.00 5709250.00 246.19
634000.00 5709250.00 244.80
633980.00 5709245.00 248.65
633985.00 5709245.00 247.35
633990.00 5709245.00 246.19
633995.00 5709245.00 244.92
634000.00 5709245.00 243.37
633975.00 5709240.00 247.96
633980.00 5709240.00 246.60
633985.00 5709240.00 245.57
633990.00 5709240.00 244.63
633995.00 5709240.00 243.56
634000.00 5709240.00 242.08
633975.00 5709235.00 246.41
633980.00 5709235.00 244.88
633985.00 5709235.00 243.69
633990.00 5709235.00 242.84
633995.00 5709235.00 241.97
634000.00 5709235.00 240.87
633970.00 5709230.00 246.67
633975.00 5709230.00 244.83
633980.00 5709230.00 243.30
633985.00 5709230.00 241.71
633990.00 5709230.00 240.57
633995.00 5709230.00 239.92
634000.00 5709230.00 239.52
633965.00 5709225.00 247.61
633970.00 5709225.00 245.63
633975.00 5709225.00 243.57
633980.00 5709225.00 242.01
633985.00 5709225.00 239.86
633990.00 5709225.00 238.32
633995.00 5709225.00 237.54
634000.00 5709225.00 237.20
633965.00 5709220.00 247.06
633970.00 5709220.00 245.53
633975.00 5709220.00 243.50
633980.00 5709220.00 240.90
633985.00 5709220.00 238.54
633990.00 5709220.00 236.40
633995.00 5709220.00 235.23
634000.00 5709220.00 234.84
633960.00 5709215.00 249.60
633965.00 5709215.00 247.73
633970.00 5709215.00 245.68
633975.00 5709215.00 243.25
633980.00 5709215.00 240.98
633985.00 5709215.00 237.99
633990.00 5709215.00 235.59
633995.00 5709215.00 234.13
634000.00 5709215.00 233.72
633960.00 5709210.00 250.02
633965.00 5709210.00 248.23
633970.00 5709210.00 246.04
633975.00 5709210.00 243.59
633980.00 5709210.00 240.90
633985.00 5709210.00 238.04
633990.00 5709210.00 235.20
633995.00 5709210.00 233.60
634000.00 5709210.00 233.56
633960.00 5709205.00 250.30
633965.00 5709205.00 248.40
633970.00 5709205.00 246.08
633975.00 5709205.00 243.53
633980.00 5709205.00 240.84
633985.00 5709205.00 238.00
633990.00 5709205.00 235.36
633995.00 5709205.00 234.25
634000.00 5709205.00 234.01
633955.00 5709200.00 251.41
633960.00 5709200.00 249.68
633965.00 5709200.00 247.87
633970.00 5709200.00 245.71
633975.00 5709200.00 243.25
633980.00 5709200.00 240.37
633985.00 5709200.00 237.79
633990.00 5709200.00 235.74
633995.00 5709200.00 234.99
634000.00 5709200.00 234.90
633955.00 5709195.00 250.29
633960.00 5709195.00 248.69
633965.00 5709195.00 246.76
633970.00 5709195.00 244.89
633975.00 5709195.00 242.56
633980.00 5709195.00 240.16
633985.00 5709195.00 238.21
633990.00 5709195.00 236.46
633995.00 5709195.00 235.55
634000.00 5709195.00 236.77
633955.00 5709190.00 248.47
633960.00 5709190.00 246.64
633965.00 5709190.00 245.01
633970.00 5709190.00 243.63
633975.00 5709190.00 242.05
633980.00 5709190.00 240.64
633985.00 5709190.00 238.87
633990.00 5709190.00 236.73
633995.00 5709190.00 236.26
634000.00 5709190.00 238.25
633955.00 5709185.00 247.01
633960.00 5709185.00 244.99
633965.00 5709185.00 243.01
633970.00 5709185.00 241.66
633975.00 5709185.00 240.99
633980.00 5709185.00 240.50
633985.00 5709185.00 239.19
633990.00 5709185.00 237.16
633995.00 5709185.00 236.94
634000.00 5709185.00 239.61
633955.00 5709180.00 246.40
633960.00 5709180.00 244.06
633965.00 5709180.00 241.93
633970.00 5709180.00 240.85
633975.00 5709180.00 240.27
633980.00 5709180.00 240.12
633985.00 5709180.00 239.19
633990.00 5709180.00 237.66
633995.00 5709180.00 237.69
634000.00 5709180.00 240.27
633955.00 5709175.00 247.19
633960.00 5709175.00 244.95
633965.00 5709175.00 242.86
633970.00 5709175.00 241.60
633975.00 5709175.00 240.80
633980.00 5709175.00 240.62
633985.00 5709175.00 239.57
633990.00 5709175.00 238.39
633995.00 5709175.00 238.31
634000.00 5709175.00 240.20
633955.00 5709170.00 248.09
633960.00 5709170.00 246.29
633965.00 5709170.00 244.82
633970.00 5709170.00 243.75
633975.00 5709170.00 243.13
633980.00 5709170.00 242.30
633985.00 5709170.00 240.87
633990.00 5709170.00 239.47
633995.00 5709170.00 238.97
634000.00 5709170.00 239.83
633955.00 5709165.00 249.82
633960.00 5709165.00 248.70
633965.00 5709165.00 247.44
633970.00 5709165.00 246.43
633975.00 5709165.00 245.71
633980.00 5709165.00 244.55
633985.00 5709165.00 242.46
633990.00 5709165.00 240.74
633995.00 5709165.00 239.88
634000.00 5709165.00 240.04
633955.00 5709160.00 252.39
633960.00 5709160.00 251.54
633965.00 5709160.00 250.13
633970.00 5709160.00 249.19
633975.00 5709160.00 247.82
633980.00 5709160.00 246.27
633985.00 5709160.00 244.08
633990.00 5709160.00 242.16
633995.00 5709160.00 240.82
634000.00 5709160.00 240.77
633955.00 5709155.00 255.41
633960.00 5709155.00 254.35
633965.00 5709155.00 253.10
633970.00 5709155.00 251.39
633975.00 5709155.00 250.02
633980.00 5709155.00 247.99
633985.00 5709155.00 245.84
633990.00 5709155.00 243.62
633995.00 5709155.00 241.99
634000.00 5709155.00 241.87
633955.00 5709150.00 257.77
633960.00 5709150.00 256.71
633965.00 5709150.00 255.25
633970.00 5709150.00 253.66
633975.00 5709150.00 252.22
633980.00 5709150.00 249.95
633985.00 5709150.00 247.73
633990.00 5709150.00 245.83
633995.00 5709150.00 243.70
634000.00 5709150.00 242.92
633960.00 5709145.00 258.54
633965.00 5709145.00 257.41
633970.00 5709145.00 256.00
633975.00 5709145.00 253.60
633980.00 5709145.00 251.31
633985.00 5709145.00 249.33
633990.00 5709145.00 247.59
633995.00 5709145.00 245.66
634000.00 5709145.00 244.06
633960.00 5709140.00 261.16
633965.00 5709140.00 259.39
633970.00 5709140.00 257.37
633975.00 5709140.00 255.78
633980.00 5709140.00 253.26
633985.00 5709140.00 250.86
633990.00 5709140.00 249.11
633995.00 5709140.00 247.62
634000.00 5709140.00 245.25
633960.00 5709135.00 263.64
633965.00 5709135.00 261.84
633970.00 5709135.00 259.35
633975.00 5709135.00 256.54
633980.00 5709135.00 254.72
633985.00 5709135.00 252.27
633990.00 5709135.00 250.56
633995.00 5709135.00 249.16
634000.00 5709135.00 246.70
633960.00 5709130.00 265.34
633965.00 5709130.00 263.91
633970.00 5709130.00 260.58
633975.00 5709130.00 257.01
633980.00 5709130.00 254.89
633985.00 5709130.00 253.10
633990.00 5709130.00 251.54
633995.00 5709130.00 250.58
634000.00 5709130.00 248.72
633965.00 5709125.00 265.13
633970.00 5709125.00 261.75
633975.00 5709125.00 257.93
633980.00 5709125.00 255.14
633985.00 5709125.00 253.49
633990.00 5709125.00 252.20
633995.00 5709125.00 251.59
634000.00 5709125.00 250.69
633965.00 5709120.00 265.49
633970.00 5709120.00 261.89
633975.00 5709120.00 258.23
633980.00 5709120.00 255.67
633985.00 5709120.00 253.72
633990.00 5709120.00 252.90
633995.00 5709120.00 252.37
634000.00 5709120.00 252.08
633970.00 5709115.00 262.41
633975.00 5709115.00 259.25
633980.00 5709115.00 256.42
633985.00 5709115.00 254.26
633990.00 5709115.00 253.70
633995.00 5709115.00 253.53
634000.00 5709115.00 253.09
633970.00 5709110.00 263.68
633975.00 5709110.00 260.34
633980.00 5709110.00 257.63
633985.00 5709110.00 255.58
633990.00 5709110.00 254.49
633995.00 5709110.00 254.27
634000.00 5709110.00 254.08
633975.00 5709105.00 262.47
633980.00 5709105.00 259.95
633985.00 5709105.00 257.42
633990.00 5709105.00 256.05
633995.00 5709105.00 255.20
634000.00 5709105.00 254.60
633980.00 5709100.00 261.59
633985.00 5709100.00 259.22
633990.00 5709100.00 257.94
633995.00 5709100.00 256.75
634000.00 5709100.00 255.62
633990.00 5709095.00 260.00
633995.00 5709095.00 259.12
634000.00 5709095.00 257.76
