102836541
102837453
112959285
113087129
113114258
113124314
113157668
113157790
113207568
113467623
113467774
113486293
113527484
12913606
12913772
12914106
12914372
12914766
12914932
13024479
13061863
13062836
13062979
13063315
13068300
13068533
13068737
13430873
13468282
13881316
13881747
13903441
13903784
1485747
14943075
1517012
15328753
1542280
1558999
16019653
17250284
17302955
17303577
17345811
17346893
17347601
17841135
17853334
17926126
18215583
18292482
18537755
18634814
18647691
18712575
18740649
19631355
19899651
19899890
19899964
19982650
19998712
20418862
22615758
22636355
22636507
22673741
22679608
22679864
22696035
22802151
23578406
23578507
23600327
23600377
23600389
23600403
23600430
23600551
23600588
23611215
24072288
24072439
24081107
24161141
24166481
25092927
26618093
26984777
27580966
27581182
27581468
2805420
28095855
29458688
31941003
33681762
37283332
37283553
37999792
37999807
37999818
37999822
38337885
38338272
38338363
38652902
38652913
38652921
38652925
39009730
40465688
40465913
42608127
42608320
42608392
42811408
43183813
43184407
43184719
43184858
43499297
45799027
45799164
45799195
45799210
47942383
51473787
51474055
51474430
51474732
57015093
57041871
57945410
58093579
58166197
58416397
58994590
60364373
60470430
61857249
6293530
63278847
6328055
6328099
6328174
6328204
6328261
6328319
6328750
6328796
6328859
6328932
6328975
63289936
6329013
6329040
63493162
63512468
64779468
64779855
64780942
66195571
6728171
6755839
7292746
7292905
800077252
800166435
800399438
800400772
800401708
801304441
801565122
801677824
801678283
801678455
802077251
802199821
802199822
802216419
802230472
802452963
802536229
802550875
802570801
802610632
802610640
802610644
802625633
802880638
802907028
802916938
803051392
803223789
803277617
803336394
803446849
803547502
804025403
804025487
804025533
804025559
804025582
804025608
804142709
804153695
804377984
804631669
804633335
805121204
8827298
